Iteration: 338
[0.07807543] [0.13875174] [0.19394446] [0.23842186] [0.26873345] [0.31639163] [0.37901549] [0.44629021] [0.57048538] [0.95516265] [1.46893226] [2.75797725] [3.28413199] [4.49251311] [7.69813092] [9.41415826] [14.41209708] [16.37078188] [18.13693373] [20.57490923] [0.3858384] 
[0.19805255] [0.34449434] [0.48845309] [0.61878206] [0.76947189] [0.95734581] [1.18099506] [1.56116593] [1.8723021] [2.455415] [3.28011587] [4.74432052] [5.40124551] [6.71777962] [10.13320877] [12.15618957] [18.18679475] [27.68435963] [34.49917141] [42.77771818] [0.95660354] 
[0.26066333] [0.46376497] [0.68316578] [0.9032197] [1.14309408] [1.41777449] [1.71790561] [2.18720289] [2.59896509] [3.23903193] [4.11487577] [5.6159725] [6.35275391] [7.71817158] [11.09474102] [14.66151186] [21.27658504] [36.49630423] [55.19999469] [68.77554457] [1.34148457] 
[0.40283661] [0.69577154] [1.02533669] [1.37792893] [1.7776711] [2.19683471] [2.60103246] [3.20819253] [3.76922975] [4.52216485] [5.50488052] [7.07903416] [7.98028514] [9.55721581] [13.35068372] [19.11406742] [27.47521138] [45.34271861] [72.24373505] [91.17082891] [1.86732418] 
[0.6102303] [1.08578782] [1.54578764] [2.05616753] [2.61055034] [3.20311999] [3.75931078] [4.52627562] [5.28377012] [6.2318244] [7.35357533] [9.05631501] [10.12109624] [11.85582277] [16.4329818] [24.48554736] [35.74850169] [54.70037474] [86.50467222] [108.82359087] [2.36814531] 
[0.64809751] [1.16285068] [1.66515799] [2.22539849] [2.82486837] [3.64976421] [4.59028319] [5.72273825] [6.66193324] [7.68054555] [8.90889267] [11.20632987] [13.37538078] [16.73145035] [22.02219003] [31.69294779] [45.62394316] [66.86268949] [101.83624752] [124.73841625] [2.72485312] 
[0.66213418] [1.1970148] [1.7077482] [2.27478163] [2.89812012] [3.73507118] [4.67600723] [5.8297302] [6.79619301] [7.83388037] [9.0912807] [11.42360969] [13.98619787] [17.57334675] [23.47645891] [33.60101795] [51.26091347] [79.26425308] [117.75661368] [144.72338845] [3.06515295] 
[0.72731995] [1.30402178] [1.85479282] [2.46422993] [3.13931964] [4.04868489] [5.05735684] [6.29552716] [7.32653445] [8.41402227] [9.7295229] [12.07948921] [14.64761798] [18.17767834] [24.25728039] [34.65746215] [54.39619448] [88.66556259] [134.58767459] [163.32925948] [3.27613513] 
[0.86252294] [1.55345293] [2.23271856] [2.94827921] [3.78723235] [4.87646567] [6.03796239] [7.43600882] [8.66612644] [9.91450361] [11.3599068] [13.85238166] [16.56890539] [20.31521017] [27.59836778] [41.36896161] [63.45968881] [97.31285065] [145.09856279] [176.640552] [3.380018] 
[0.87453141] [1.56888695] [2.27458432] [3.04930674] [3.9456993] [5.05765646] [6.22409158] [7.61039913] [8.81813915] [10.05581143] [11.51677447] [13.98046452] [16.66165831] [20.30285115] [27.43349118] [40.6216002] [65.40353333] [99.47788642] [148.89719886] [194.8668849] [3.50946066] 
[1.01939432] [1.81634189] [2.59469192] [3.41269418] [4.4102719] [5.64271436] [7.01489836] [8.5365313] [9.97187781] [12.42048359] [16.17299921] [19.75770628] [23.0502831] [27.03624274] [34.58314058] [47.59014445] [71.70886864] [104.70937262] [154.06328427] [209.12010794] [3.82483819] 
[1.18443091] [2.06669324] [2.93828173] [3.86293786] [5.02996256] [6.42310396] [7.98048039] [9.69369424] [11.43099747] [14.07446757] [17.84788951] [21.4990668] [24.86616129] [29.02850792] [36.50994593] [49.34226039] [72.77073681] [105.86180734] [160.11932618] [228.81550498] [4.00720773] 
[1.12520937] [1.96335858] [2.79136765] [3.66979097] [4.77846443] [6.10194876] [7.58145637] [9.20900953] [10.85944759] [13.37074419] [16.95549504] [20.42411346] [23.62285322] [27.57708253] [34.68444864] [46.87514737] [69.13219997] [100.56871697] [152.11335987] [217.37472973] [3.80684734] 
[1.0689489] [1.86519065] [2.65179926] [3.48630142] [4.53954121] [5.79685132] [7.20238355] [8.74855905] [10.31647521] [12.70220698] [16.10772028] [19.40290779] [22.44171056] [26.1982284] [32.9502262] [44.53139] [65.67558997] [95.54028113] [144.50769188] [206.50599324] [3.61650497] 
[1.01550146] [1.77193112] [2.5192093] [3.31198635] [4.31256415] [5.50700876] [6.84226437] [8.3111311] [9.80065145] [12.06709663] [15.30233427] [18.4327624] [21.31962503] [24.88831698] [31.30271489] [42.3048205] [62.39181048] [90.76326707] [137.28230728] [196.18069358] [3.43567973] 
[0.96472638] [1.68333456] [2.39324884] [3.14638703] [4.09693594] [5.23165832] [6.50015115] [7.89557454] [9.31061888] [11.4637418] [14.53721756] [17.51112428] [20.25364378] [23.64390113] [29.73757915] [40.18957948] [59.27221995] [86.22510372] [130.41819192] [186.3716589] [3.26389574] 
[0.91649006] [1.59916783] [2.27358639] [2.98906768] [3.89208914] [4.9700754] [6.1751436] [7.50079581] [8.84508794] [10.89055471] [13.81035668] [16.63556807] [19.24096159] [22.46170608] [28.25070019] [38.1801005] [56.30860895] [81.91384853] [123.89728232] [177.05307596] [3.10070095] 
[0.87066556] [1.51920944] [2.15990707] [2.8396143] [3.69748469] [4.72157163] [5.86638642] [7.12575602] [8.40283354] [10.34602697] [13.11983884] [15.80378966] [18.27891351] [21.33862077] [26.83816518] [36.27109548] [53.49317851] [77.8181561] [117.70241821] [168.20042216] [2.9456659] 
[0.82713228] [1.44324897] [2.05191172] [2.69763358] [3.51261045] [4.48549305] [5.5730671] [6.76946822] [7.98269186] [9.82872562] [12.4638469] [15.01360018] [17.36496784] [20.27168973] [25.49625692] [34.4575407] [50.81851958] [73.9272483] [111.8172973] [159.79040105] [2.79838261] 
[0.78577567] [1.37108652] [1.94931613] [2.5627519] [3.33697993] [4.2612184] [5.29441374] [6.43099481] [7.58355727] [9.33728934] [11.84065456] [14.26292017] [16.49671944] [19.25810525] [24.22144408] [32.73466367] [48.2775936] [70.23088588] [106.22643243] [151.800881] [2.65846348] 
[0.74648688] [1.30253219] [1.85185033] [2.43461431] [3.17013093] [4.04815748] [5.02969305] [6.10944507] [7.20437941] [8.87042488] [11.24862183] [13.54977416] [15.67188347] [18.29519998] [23.01037187] [31.09793049] [45.86371392] [66.71934159] [100.91511081] [144.21083695] [2.5255403] 
[0.70916254] [1.23740558] [1.75925781] [2.31288359] [3.01162439] [3.8457496] [4.7782084] [5.80397282] [6.84416044] [8.42690363] [10.68619074] [12.87228545] [14.8882893] [17.38043999] [21.85985328] [29.54303396] [43.57052823] [63.38337451] [95.86935527] [137.0002951] [2.39926329] 
[0.67370441] [1.17553531] [1.67129492] [2.19723941] [2.86104317] [3.65346212] [4.53929798] [5.51377418] [6.50195241] [8.00555845] [10.1518812] [12.22867118] [14.14387483] [16.51141799] [20.76686062] [28.06588226] [41.39200181] [60.21420578] [91.07588751] [130.15028035] [2.27930013] 
[0.64001919] [1.11675854] [1.58773017] [2.08737744] [2.71799101] [3.47078902] [4.31233308] [5.23808547] [6.17685479] [7.60528053] [9.64428714] [11.61723762] [13.43668109] [15.68584709] [19.72851758] [26.66258815] [39.32240172] [57.20349549] [86.52209313] [123.64276633] [2.16533512] 
[0.60801823] [1.06092061] [1.50834367] [1.98300857] [2.58209146] [3.29724957] [4.09671643] [4.97618119] [5.86801205] [7.2250165] [9.16207278] [11.03637574] [12.76484704] [14.90155473] [18.74209171] [25.32945874] [37.35628164] [54.34332072] [82.19598847] [117.46062801] [2.05706836] 
[0.57761732] [1.00787458] [1.43292648] [1.88385814] [2.45298688] [3.13238709] [3.89188061] [4.72737213] [5.57461145] [6.86376568] [8.70396914] [10.48455695] [12.12660469] [14.156477] [17.80498712] [24.06298581] [35.48846756] [51.62615468] [78.08618905] [111.58759661] [1.95421494] 
[0.54873646] [0.95748085] [1.36128016] [1.78966524] [2.33033754] [2.97576773] [3.69728658] [4.49100353] [5.29588088] [6.52057739] [8.26877069] [9.96032911] [11.52027445] [13.44865315] [16.91473776] [22.85983652] [33.71404418] [49.04484695] [74.1818796] [106.00821678] [1.8565042] 
[0.52129963] [0.90960681] [1.29321615] [1.70018197] [2.21382066] [2.82697935] [3.51242225] [4.26645335] [5.03108683] [6.19454852] [7.85533215] [9.46231265] [10.94426073] [12.77622049] [16.06900088] [21.71684469] [32.02834197] [46.5926046] [70.47278562] [100.70780594] [1.76367899] 
[0.49523465] [0.86412647] [1.22855534] [1.61517287] [2.10312963] [2.68563038] [3.33680113] [4.05313068] [4.77953249] [5.8848211] [7.46256555] [8.98919702] [10.39704769] [12.13740946] [15.26555083] [20.63100245] [30.42692487] [44.26297437] [66.94914634] [95.67241565] [1.67549504] 
[0.47047292] [0.82092015] [1.16712758] [1.53441423] [1.99797315] [2.55134886] [3.16996108] [3.85047415] [4.54055587] [5.59058004] [7.08943727] [8.53973717] [9.87719531] [11.53053899] [14.50227329] [19.59945233] [28.90557863] [42.04982565] [63.60168902] [90.88879486] [1.59172029] 
[0.44694927] [0.77987414] [1.1087712] [1.45769352] [1.89807449] [2.42378142] [3.01146302] [3.65795044] [4.31352807] [5.31105104] [6.7349654] [8.11275031] [9.38333554] [10.95401204] [13.77715963] [18.61947972] [27.4602997] [39.94733437] [60.42160457] [86.34435512] [1.51213427] 
[0.42460181] [0.74088043] [1.05333264] [1.38480884] [1.80317077] [2.30259235] [2.86088987] [3.47505292] [4.09785167] [5.04549849] [6.39821713] [7.70711279] [8.91416877] [10.40631144] [13.08830164] [17.68850573] [26.08728471] [37.94996765] [57.40052434] [82.02713736] [1.43652756] 
[0.40337172] [0.70383641] [1.00066601] [1.3155684] [1.71301223] [2.18746273] [2.71784538] [3.30130027] [3.89295909] [4.79322356] [6.07830628] [7.32175715] [8.46846033] [9.88599587] [12.43388656] [16.80408044] [24.78292048] [36.05246927] [54.53049812] [77.9257805] [1.36470118] 
[0.38320313] [0.66864459] [0.95063271] [1.24978998] [1.62736162] [2.07808959] [2.58195311] [3.13623526] [3.69831113] [4.55356239] [5.77439096] [6.9556693] [8.04503731] [9.39169607] [11.81219223] [15.96387642] [23.54377445] [34.24984581] [51.80397322] [74.02949147] [1.29646612] 
[0.36404298] [0.63521236] [0.90310107] [1.18730048] [1.54599354] [1.97418511] [2.45285545] [2.9794235] [3.51339558] [4.32588427] [5.48567142] [6.60788583] [7.64278545] [8.92211127] [11.22158262] [15.1656826] [22.36658573] [32.53735352] [49.21377456] [70.3280169] [1.23164282] 
[0.34584083] [0.60345174] [0.85794602] [1.12793546] [1.46869386] [1.87547586] [2.33021268] [2.83045232] [3.3377258] [4.10959005] [5.21138784] [6.27749154] [7.26064617] [8.47600571] [10.66050349] [14.40739847] [21.24825644] [30.91048584] [46.75308583] [66.81161605] [1.17006067] 
[0.32854879] [0.57327916] [0.81504872] [1.07153869] [1.39525917] [1.78170207] [2.21370205] [2.68892971] [3.17083951] [3.90411055] [4.95081845] [5.96361696] [6.89761386] [8.05220542] [10.12747832] [13.68702855] [20.18584362] [29.36496155] [44.41543154] [63.47103525] [1.11155764] 
[0.31212135] [0.5446152] [0.77429628] [1.01796175] [1.32549621] [1.69261696] [2.10301695] [2.55448322] [3.01229753] [3.70890502] [4.70327753] [5.66543611] [6.55273317] [7.64959515] [9.6211044] [13.00267712] [19.17655144] [27.89671347] [42.19465996] [60.29748349] [1.05597976] 
[0.29651528] [0.51738444] [0.73558147] [0.96706366] [1.2592214] [1.60798611] [1.9978661] [2.42675906] [2.86168266] [3.52345977] [4.46811365] [5.38216431] [6.22509651] [7.26711539] [9.14004918] [12.35254326] [18.21772387] [26.5018778] [40.08492696] [57.28260931] [1.00318077] 
[0.28168952] [0.49151522] [0.69880239] [0.91871048] [1.19626033] [1.52758681] [1.89797279] [2.30542111] [2.71859852] [3.34728678] [4.24470797] [5.11305609] [5.91384169] [6.90375962] [8.68304672] [11.7349161] [17.30683767] [25.17678391] [38.08068061] [54.41847885] [0.95302173] 
[0.26760504] [0.46693946] [0.66386227] [0.87277496] [1.13644731] [1.45120747] [1.80307415] [2.19015005] [2.5826686] [3.17992244] [4.03247257] [4.85740329] [5.6181496] [6.55857164] [8.24889439] [11.1481703] [16.44149579] [23.91794471] [36.17664658] [51.69755491] [0.90537065] 
[0.25422479] [0.44359248] [0.63066916] [0.82913621] [1.07962495] [1.37864709] [1.71292045] [2.08064255] [2.45353517] [3.02092632] [3.83084894] [4.61453312] [5.33724212] [6.23064306] [7.83644967] [10.59076178] [15.619421] [22.72204748] [34.36781425] [49.11267716] [0.86010211] 
[0.24151355] [0.42141286] [0.5991357] [0.7876794] [1.0256437] [1.30971474] [1.62727442] [1.97661042] [2.33085841] [2.86988001] [3.6393065] [4.38380647] [5.07038002] [5.91911091] [7.44462718] [10.06122369] [14.83844995] [21.5859451] [32.64942354] [46.6570433] [0.81709701] 
[0.22943787] [0.40034222] [0.56917892] [0.74829543] [0.97436151] [1.244229] [1.5459107] [1.8777799] [2.21431549] [2.72638601] [3.45734117] [4.16461614] [4.81686102] [5.62315536] [7.07239582] [9.55816251] [14.09652745] [20.50664785] [31.01695236] [44.32419114] [0.77624216] 
[0.21796598] [0.3803251] [0.54071997] [0.71088066] [0.92564344] [1.18201755] [1.46861517] [1.78389091] [2.10359971] [2.5900667] [3.28447411] [3.95638534] [4.57601796] [5.34199759] [6.71877603] [9.08025438] [13.39170108] [19.48131546] [29.46610475] [42.10798158] [0.73743005] 
[0.20706768] [0.36130885] [0.51368397] [0.67533662] [0.87936127] [1.12291667] [1.39518441] [1.69469636] [1.99841973] [2.46056337] [3.12025041] [3.75856607] [4.34721707] [5.07489771] [6.38283723] [8.62624166] [12.72211603] [18.50724968] [27.99279951] [40.0025825] [0.70055855] 
[0.19671429] [0.34324341] [0.48799977] [0.64156979] [0.8353932] [1.06677084] [1.32542519] [1.60996154] [1.89849874] [2.3375352] [2.96423789] [3.57063777] [4.12985621] [4.82115283] [6.06369537] [8.19492958] [12.08601023] [17.5818872] [26.59315953] [38.00245338] [0.66553062] 
[0.18687858] [0.32608124] [0.46359978] [0.6094913] [0.79362354] [1.0134323] [1.25915393] [1.52946347] [1.8035738] [2.22065844] [2.81602599] [3.39210588] [3.9233634] [4.58009519] [5.7605106] [7.7851831] [11.48170971] [16.70279284] [25.26350156] [36.10233071] [0.63225409] 
[0.17753465] [0.30977717] [0.4404198] [0.57901674] [0.75394237] [0.96276068] [1.19619623] [1.45299029] [1.71339511] [2.10962552] [2.67522469] [3.22250058] [3.72719523] [4.35109043] [5.47248507] [7.39592395] [10.90762423] [15.8676532] [24.00032648] [34.29721417] [0.60064138] 
[0.16865792] [0.29428832] [0.41839881] [0.5500659] [0.71624525] [0.91462265] [1.13638642] [1.38034078] [1.62772536] [2.00414424] [2.54146346] [3.06137556] [3.54083547] [4.13353591] [5.19886082] [7.02612775] [10.36224302] [15.07427054] [22.80031016] [32.58235346] [0.57060932] 
[0.16022502] [0.2795739] [0.39747887] [0.52256261] [0.68043298] [0.86889152] [1.0795671] [1.31132374] [1.54633909] [1.90393703] [2.41439029] [2.90830678] [3.3637937] [3.92685911] [4.93891778] [6.67482136] [9.84413087] [14.32055701] [21.66029465] [30.95323579] [0.54207885] 
[0.15221377] [0.26559521] [0.37760492] [0.49643448] [0.64641134] [0.82544694] [1.02558875] [1.24575755] [1.46902214] [1.80874018] [2.29367077] [2.76289144] [3.19560401] [3.73051616] [4.69197189] [6.34108029] [9.35192432] [13.60452916] [20.57727992] [29.405574] [0.51497491] 
[0.14460308] [0.25231544] [0.35872468] [0.47161275] [0.61409077] [0.78417459] [0.97430931] [1.18346967] [1.39557103] [1.71830317] [2.17898723] [2.62474687] [3.03582381] [3.54399035] [4.45737329] [6.02402628] [8.88432811] [12.9243027] [19.54841592] [27.9352953] [0.48922616] 
[0.13737293] [0.23969967] [0.34078844] [0.44803211] [0.58338623] [0.74496586] [0.92559384] [1.12429619] [1.32579248] [1.63238801] [2.07003787] [2.49350952] [2.88403262] [3.36679083] [4.23450463] [5.72282496] [8.4401117] [12.27808757] [18.57099512] [26.53853054] [0.46476485] 
[0.13050428] [0.22771469] [0.32374902] [0.42563051] [0.55421692] [0.70771757] [0.87931415] [1.06808138] [1.25950285] [1.55076861] [1.96653598] [2.36883405] [2.73983099] [3.19845129] [4.0227794] [5.43668372] [8.01810612] [11.66418319] [17.64244537] [25.21160401] [0.44152661] 
[0.12397907] [0.21632895] [0.30756157] [0.40434898] [0.52650607] [0.67233169] [0.83534844] [1.01467731] [1.19652771] [1.47323018] [1.86820918] [2.25039235] [2.60283944] [3.03852872] [3.82164043] [5.16484953] [7.61720081] [11.08097403] [16.7603231] [23.95102381] [0.41945028] 
[0.11778011] [0.20551251] [0.29218349] [0.38413153] [0.50018077] [0.63871511] [0.79358102] [0.96394345] [1.13670133] [1.39956867] [1.77479872] [2.13787273] [2.47269747] [2.88660229] [3.63055841] [4.90660705] [7.23634077] [10.52692533] [15.92230694] [22.75347262] [0.39847777] 
[0.11189111] [0.19523688] [0.27757432] [0.36492496] [0.47517173] [0.60677935] [0.75390197] [0.91574627] [1.07986626] [1.32959024] [1.68605878] [2.03097909] [2.3490626] [2.74227217] [3.44903049] [4.6612767] [6.87452373] [10.00057906] [15.1261916] [21.61579899] [0.37855388] 
[0.10629655] [0.18547504] [0.2636956] [0.34667871] [0.45141314] [0.57644039] [0.71620687] [0.86995896] [1.02587295] [1.26311073] [1.60175584] [1.92943014] [2.23160947] [2.60515856] [3.27657896] [4.42821287] [6.53079754] [9.50055011] [14.36988202] [20.53500904] [0.35962618] 
[0.10098173] [0.17620129] [0.25051082] [0.32934477] [0.42884249] [0.54761837] [0.68039653] [0.82646101] [0.9745793] [1.19995519] [1.52166805] [1.83295863] [2.12002899] [2.47490064] [3.11275001] [4.20680222] [6.20425767] [9.0255226] [13.65138792] [19.50825859] [0.34164487] 
[0.09593264] [0.16739122] [0.23798528] [0.31287754] [0.40740036] [0.52023745] [0.6463767] [0.78513796] [0.92585033] [1.13995743] [1.44558465] [1.7413107] [2.01402754] [2.3511556] [2.95711251] [3.99646211] [5.89404478] [8.57424647] [12.96881852] [18.53284566] [0.32456263] 
[0.09113601] [0.15902166] [0.22608602] [0.29723366] [0.38703034] [0.49422558] [0.61405787] [0.74588106] [0.87955782] [1.08295956] [1.37330542] [1.65424516] [1.91332617] [2.23359782] [2.80925689] [3.79663901] [5.59934254] [8.14553415] [12.32037759] [17.60620337] [0.3083345] 
[0.08657921] [0.15107058] [0.21478171] [0.28237198] [0.36767883] [0.4695143] [0.58335497] [0.70858701] [0.83557993] [1.02881158] [1.30464015] [1.57153291] [1.81765986] [2.12191793] [2.66879404] [3.60680706] [5.31937542] [7.73825744] [11.70435871] [16.7258932] [0.29291777] 
[0.08225025] [0.14351705] [0.20404263] [0.26825338] [0.34929489] [0.44603858] [0.55418722] [0.67315766] [0.79380093] [0.977371] [1.23940814] [1.49295626] [1.72677686] [2.01582204] [2.53535434] [3.4264667] [5.05340665] [7.35134457] [11.11914078] [15.88959854] [0.27827189] 
[0.07813773] [0.1363412] [0.1938405] [0.25484071] [0.33183014] [0.42373665] [0.52647786] [0.63949978] [0.75411088] [0.92850245] [1.17743773] [1.41830845] [1.64043802] [1.91503093] [2.40858662] [3.25514337] [4.80073631] [6.98377734] [10.56318374] [15.09511862] [0.26435829] 
[0.07423085] [0.12952414] [0.18414847] [0.24209867] [0.31523863] [0.40254982] [0.50015397] [0.60752479] [0.71640534] [0.88207733] [1.11856585] [1.34739302] [1.55841612] [1.81927939] [2.28815729] [3.0923862] [4.5606995] [6.63458847] [10.03502455] [14.34036269] [0.25114038] 
[0.07051931] [0.12304793] [0.17494105] [0.22999374] [0.2994767] [0.38242233] [0.47514627] [0.57714855] [0.68058507] [0.83797346] [1.06263755] [1.28002337] [1.48049531] [1.72831542] [2.17374943] [2.93776689] [4.33266452] [6.30285905] [9.53327333] [13.62334455] [0.23858336] 
[0.06699334] [0.11689553] [0.166194] [0.21849405] [0.28450287] [0.36330121] [0.45138896] [0.54829112] [0.64655582] [0.79607479] [1.00950568] [1.2160222] [1.40647055] [1.64189965] [2.06506196] [2.79087854] [4.1160313] [5.9877161] [9.05660966] [12.94217732] [0.22665419] 
[0.06364367] [0.11105076] [0.1578843] [0.20756935] [0.27027772] [0.34513615] [0.42881951] [0.52087657] [0.61422803] [0.75627105] [0.95903039] [1.15522109] [1.33614702] [1.55980467] [1.96180886] [2.65133462] [3.91022973] [5.68833029] [8.60377918] [12.29506846] [0.21532148] 
[0.06046149] [0.10549822] [0.14999008] [0.19719088] [0.25676384] [0.32787934] [0.40737853] [0.49483274] [0.58351663] [0.7184575] [0.91107887] [1.09746004] [1.26933967] [1.48181443] [1.86371842] [2.51876789] [3.71471825] [5.40391378] [8.17359022] [11.68031504] [0.20455541] 
[0.05743841] [0.10022331] [0.14249058] [0.18733134] [0.24392565] [0.31148538] [0.38700961] [0.4700911] [0.5543408] [0.68253462] [0.86552493] [1.04258704] [1.20587269] [1.40772371] [1.77053249] [2.39282949] [3.52898233] [5.13371809] [7.76491071] [11.09629928] [0.19432764] 
[0.05456649] [0.09521214] [0.13536605] [0.17796477] [0.23172936] [0.29591111] [0.36765913] [0.44658654] [0.52662376] [0.64840789] [0.82224868] [0.99045769] [1.14557905] [1.33733752] [1.68200587] [2.27318802] [3.35253322] [4.87703218] [7.37666517] [10.54148432] [0.18461125] 
[0.05183817] [0.09045154] [0.12859775] [0.16906653] [0.2201429] [0.28111555] [0.34927617] [0.42425722] [0.50029257] [0.6159875] [0.78113625] [0.9409348] [1.0883001] [1.27047065] [1.59790558] [2.15952862] [3.18490656] [4.63318058] [7.00783191] [10.0144101] [0.17538069] 
[0.04924626] [0.08592896] [0.12216786] [0.16061321] [0.20913575] [0.26705978] [0.33181236] [0.40304436] [0.47527794] [0.58518812] [0.74207944] [0.89388806] [1.03388509] [1.20694712] [1.5180103] [2.05155219] [3.02566123] [4.40152155] [6.65744032] [9.5136896] [0.16661166] 
[0.04678395] [0.08163251] [0.11605947] [0.15258255] [0.19867896] [0.25370679] [0.31522174] [0.38289214] [0.45151404] [0.55592872] [0.70497546] [0.84919366] [0.98219084] [1.14659976] [1.44210978] [1.94897458] [2.87437817] [4.18144547] [6.3245683] [9.03800512] [0.15828107] 
[0.04444475] [0.07755088] [0.11025649] [0.14495342] [0.18874502] [0.24102145] [0.29946066] [0.36374753] [0.42893834] [0.52813228] [0.66972669] [0.80673398] [0.9330813] [1.08926977] [1.37000429] [1.85152585] [2.73065926] [3.9723732] [6.00833989] [8.58610486] [0.15036702] 
[0.04222251] [0.07367334] [0.10474367] [0.13770575] [0.17930776] [0.22897037] [0.28448762] [0.34556016] [0.40749142] [0.50172567] [0.63624036] [0.76639728] [0.88642723] [1.03480628] [1.30150408] [1.75894956] [2.5941263] [3.77375454] [5.70792289] [8.15679962] [0.14284867] 
[0.04011139] [0.06998967] [0.09950648] [0.13082046] [0.17034238] [0.21752186] [0.27026324] [0.32828215] [0.38711685] [0.47663938] [0.60442834] [0.72807741] [0.84210587] [0.98306597] [1.23642888] [1.67100208] [2.46441998] [3.58506681] [5.42252675] [7.74895964] [0.13570624] 
[0.03810582] [0.06649019] [0.09453116] [0.12427944] [0.16182526] [0.20664576] [0.25675008] [0.31186804] [0.36776101] [0.45280741] [0.57420692] [0.69167354] [0.80000058] [0.93391267] [1.17460743] [1.58745197] [2.34119898] [3.40581347] [5.15140041] [7.36151166] [0.12892092] 
[0.03620053] [0.06316568] [0.0898046] [0.11806547] [0.15373399] [0.19631348] [0.24391258] [0.29627464] [0.34937296] [0.43016704] [0.54549658] [0.65708987] [0.76000055] [0.88721704] [1.11587706] [1.50807938] [2.22413903] [3.2355228] [4.89383039] [6.99343607] [0.12247488] 
[0.0343905] [0.0600074] [0.08531437] [0.11216219] [0.14604729] [0.1864978] [0.23171695] [0.28146091] [0.33190431] [0.40865869] [0.51822175] [0.62423537] [0.72200052] [0.84285619] [1.06008321] [1.43267541] [2.11293208] [3.07374666] [4.64913887] [6.64376427] [0.11635113] 
[0.03267098] [0.05700703] [0.08104865] [0.10655408] [0.13874493] [0.17717291] [0.2201311] [0.26738786] [0.3153091] [0.38822576] [0.49231066] [0.5930236] [0.6859005] [0.80071338] [1.00707905] [1.36104164] [2.00728548] [2.92005932] [4.41668193] [6.31157606] [0.11053358] 
[0.03103743] [0.05415668] [0.07699622] [0.10122638] [0.13180768] [0.16831427] [0.20912455] [0.25401847] [0.29954364] [0.36881447] [0.46769513] [0.56337242] [0.65160547] [0.76067771] [0.95672509] [1.29298955] [1.9069212] [2.77405636] [4.19584783] [5.99599725] [0.1050069] 
[0.02948556] [0.05144884] [0.07314641] [0.09616506] [0.1252173] [0.15989855] [0.19866832] [0.24131754] [0.28456646] [0.35037375] [0.44431037] [0.5352038] [0.6190252] [0.72264382] [0.90888884] [1.22834008] [1.81157514] [2.63535354] [3.98605544] [5.69619739] [0.09975655] 
[0.02801128] [0.0488764] [0.06948909] [0.09135681] [0.11895643] [0.15190362] [0.1887349] [0.22925167] [0.27033814] [0.33285506] [0.42209485] [0.50844361] [0.58807394] [0.68651163] [0.8634444] [1.16692307] [1.72099639] [2.50358586] [3.78675267] [5.41138752] [0.09476873] 
[0.02661071] [0.04643258] [0.06601464] [0.08678897] [0.11300861] [0.14430844] [0.17929816] [0.21778908] [0.25682123] [0.3162123] [0.40099011] [0.48302143] [0.55867024] [0.65218605] [0.82027218] [1.10857692] [1.63494657] [2.37840657] [3.59741503] [5.14081815] [0.09003029] 
[0.02528018] [0.04411095] [0.0627139] [0.08244952] [0.10735818] [0.13709302] [0.17033325] [0.20689963] [0.24398017] [0.30040169] [0.3809406] [0.45887036] [0.53073673] [0.61957675] [0.77925857] [1.05314807] [1.55319924] [2.25948624] [3.41754428] [4.88377724] [0.08552878] 
[0.02401617] [0.0419054] [0.05957821] [0.07832704] [0.10199027] [0.13023837] [0.16181659] [0.19655465] [0.23178116] [0.28538161] [0.36189357] [0.43592684] [0.50419989] [0.58859791] [0.74029564] [1.00049067] [1.47553928] [2.14651193] [3.24666707] [4.63958838] [0.08125234] 
[0.02281536] [0.03981013] [0.0565993] [0.07441069] [0.09689076] [0.12372645] [0.15372576] [0.18672692] [0.2201921] [0.27111252] [0.34379889] [0.4141305] [0.4789899] [0.55916801] [0.70328086] [0.95046614] [1.40176231] [2.03918633] [3.08433371] [4.40760896] [0.07718972] 
[0.07103791] [0.16450009] [0.25396475] [0.35649347] [0.48550107] [0.61790368] [0.73660662] [0.85636556] [0.9337442] [1.02946197] [1.17390821] [1.2995947] [1.4422115] [1.65369354] [1.95478426] [2.31924398] [2.91514691] [3.7347931] [20.60526046] [26.41570928] [0.44876817] 
[0.06748601] [0.15627508] [0.24126651] [0.33866879] [0.46122601] [0.58700849] [0.69977629] [0.81354728] [0.88705699] [0.97798887] [1.1152128] [1.23461497] [1.37010092] [1.57100887] [1.85704504] [2.20328179] [2.76938957] [3.54805345] [19.57499743] [25.09492381] [0.42632976] 
[0.06411171] [0.14846133] [0.22920319] [0.32173535] [0.43816471] [0.55765807] [0.66478748] [0.77286992] [0.84270414] [0.92908943] [1.05945216] [1.17288422] [1.30159588] [1.49245842] [1.76419279] [2.0931177] [2.63092009] [3.37065078] [18.59624756] [23.84017762] [0.40501327] 
[0.06090613] [0.14103826] [0.21774303] [0.30564859] [0.41625648] [0.52977517] [0.6315481] [0.73422642] [0.80056893] [0.88263496] [1.00647955] [1.11424001] [1.23651608] [1.4178355] [1.67598315] [1.98846181] [2.49937408] [3.20211824] [17.66643518] [22.64816874] [0.38476261] 
[0.05786082] [0.13398635] [0.20685588] [0.29036616] [0.39544365] [0.50328641] [0.5999707] [0.6975151] [0.76054049] [0.83850321] [0.95615557] [1.05852801] [1.17469028] [1.34694373] [1.59218399] [1.88903872] [2.37440538] [3.04201233] [16.78311343] [21.5157603] [0.36552448] 
[0.05496778] [0.12728703] [0.19651308] [0.27584785] [0.37567147] [0.47812209] [0.56997216] [0.66263935] [0.72251346] [0.79657805] [0.90834779] [1.00560161] [1.11595577] [1.27959654] [1.51257479] [1.79458678] [2.25568511] [2.88991171] [15.94395775] [20.43997229] [0.34724826] 
[0.05221939] [0.12092268] [0.18668743] [0.26205546] [0.3568879] [0.45421598] [0.54147356] [0.62950738] [0.68638779] [0.75674915] [0.8629304] [0.95532153] [1.06015798] [1.21561671] [1.43694606] [1.70485745] [2.14290085] [2.74541612] [15.14675987] [19.41797367] [0.32988584] 
[0.04960842] [0.11487654] [0.17735306] [0.24895268] [0.3390435] [0.43150518] [0.51439988] [0.59803201] [0.6520684] [0.71891169] [0.81978388] [0.90755545] [1.00715008] [1.15483588] [1.36509875] [1.61961457] [2.03575581] [2.60814532] [14.38942187] [18.44707499] [0.31339155] 
[0.047128] [0.10913272] [0.1684854] [0.23650505] [0.32209133] [0.40992992] [0.48867988] [0.56813041] [0.61946498] [0.6829661] [0.77879469] [0.86217768] [0.95679257] [1.09709408] [1.29684381] [1.53863384] [1.93396802] [2.47773805] [13.66995078] [17.52472124] [0.29772197] 
[0.0447716] [0.10367608] [0.16006113] [0.2246798] [0.30598676] [0.38943343] [0.46424589] [0.53972389] [0.58849173] [0.6488178] [0.73985496] [0.81906879] [0.90895295] [1.04223938] [1.23200162] [1.46170215] [1.83726962] [2.35385115] [12.98645324] [16.64848518] [0.28283587] 
[0.04253302] [0.09849228] [0.15205808] [0.21344581] [0.29068742] [0.36996176] [0.4410336] [0.5127377] [0.55906714] [0.61637691] [0.70286221] [0.77811535] [0.8635053] [0.99012741] [1.17040154] [1.38861704] [1.74540614] [2.23615859] [12.33713058] [15.81606092] [0.26869408] 
[0.04040637] [0.09356766] [0.14445517] [0.20277352] [0.27615305] [0.35146367] [0.41898192] [0.48710081] [0.53111379] [0.58555806] [0.6677191] [0.73920959] [0.82033003] [0.94062104] [1.11188147] [1.31918619] [1.65813583] [2.12435066] [11.72027405] [15.02525787] [0.25525938] 
[0.03838605] [0.08888928] [0.13723241] [0.19263484] [0.2623454] [0.33389049] [0.39803282] [0.46274577] [0.5045581] [0.55628016] [0.63433314] [0.70224911] [0.77931353] [0.89358999] [1.05628739] [1.25322688] [1.57522904] [2.01813313] [11.13426035] [14.27399498] [0.24249641] 
[0.03646675] [0.08444482] [0.13037079] [0.1830031] [0.24922813] [0.31719596] [0.37813118] [0.43960848] [0.47933019] [0.52846615] [0.60261649] [0.66713665] [0.74034786] [0.84891049] [1.00347302] [1.19056554] [1.49646759] [1.91722647] [10.57754733] [13.56029523] [0.23037159] 
[0.03464341] [0.08022258] [0.12385225] [0.17385294] [0.23676672] [0.30133616] [0.35922462] [0.41762806] [0.45536368] [0.50204285] [0.57248566] [0.63377982] [0.70333046] [0.80646496] [0.95329937] [1.13103726] [1.42164421] [1.82136515] [10.04866996] [12.88228047] [0.21885301] 
[0.03291124] [0.07621145] [0.11765964] [0.1651603] [0.22492839] [0.28626935] [0.34126339] [0.39674665] [0.4325955] [0.4769407] [0.54386138] [0.60209083] [0.66816394] [0.76614172] [0.9056344] [1.0744854] [1.350562] [1.73029689] [9.54623647] [12.23816645] [0.20791036] 
[0.03126568] [0.07240087] [0.11177666] [0.15690228] [0.21368197] [0.27195589] [0.32420022] [0.37690932] [0.41096572] [0.45309367] [0.51666831] [0.57198629] [0.63475574] [0.72783463] [0.86035268] [1.02076113] [1.2830339] [1.64378205] [9.06892464] [11.62625812] [0.19751484] 
[0.02970239] [0.06878083] [0.10618783] [0.14905717] [0.20299787] [0.25835809] [0.30799021] [0.35806386] [0.39041744] [0.43043898] [0.49083489] [0.54338697] [0.60301796] [0.6914429] [0.81733505] [0.96972307] [1.2188822] [1.56159294] [8.61547841] [11.04494522] [0.1876391] 
[0.02821727] [0.06534179] [0.10087843] [0.14160431] [0.19284798] [0.24544019] [0.2925907] [0.34016066] [0.37089657] [0.40891704] [0.46629315] [0.51621762] [0.57286706] [0.65687075] [0.7764683] [0.92123692] [1.15793809] [1.4835133] [8.18470449] [10.49269796] [0.17825714] 
[0.02680641] [0.0620747] [0.09583451] [0.13452409] [0.18320558] [0.23316818] [0.27796116] [0.32315263] [0.35235174] [0.38847118] [0.44297849] [0.49040674] [0.5442237] [0.62402722] [0.73764488] [0.87517507] [1.10004119] [1.40933763] [7.77546926] [9.96806306] [0.16934429] 
[0.02546609] [0.05897096] [0.09104279] [0.12779789] [0.1740453] [0.22150977] [0.26406311] [0.306995] [0.33473415] [0.36904762] [0.42082957] [0.46588641] [0.51701252] [0.59282586] [0.70076264] [0.83141632] [1.04503913] [1.33887075] [7.3866958] [9.46965991] [0.16087707] 
[0.02419279] [0.05602242] [0.08649065] [0.12140799] [0.16534303] [0.21043428] [0.25085995] [0.29164525] [0.31799744] [0.35059524] [0.39978809] [0.44259208] [0.49116189] [0.56318456] [0.66572451] [0.7898455] [0.99278717] [1.27192721] [7.01736101] [8.99617691] [0.15283322] 
[0.02298315] [0.0532213] [0.08216612] [0.1153376] [0.15707588] [0.19991257] [0.23831695] [0.27706299] [0.30209757] [0.33306548] [0.37979868] [0.42046248] [0.4666038] [0.53502533] [0.63243828] [0.75035323] [0.94314781] [1.20833085] [6.66649296] [8.54636807] [0.14519156] 
[0.02183399] [0.05056023] [0.07805781] [0.10957072] [0.14922209] [0.18991694] [0.2264011] [0.26320984] [0.28699269] [0.31641221] [0.36080875] [0.39943936] [0.44327361] [0.50827407] [0.60081637] [0.71283557] [0.89599042] [1.14791431] [6.33316831] [8.11904966] [0.13793198] 
[0.02074229] [0.04803222] [0.07415492] [0.10409218] [0.14176098] [0.18042109] [0.21508105] [0.25004934] [0.27264306] [0.3005916] [0.34276831] [0.37946739] [0.42110993] [0.48286036] [0.57077555] [0.67719379] [0.8511909] [1.09051859] [6.0165099] [7.71309718] [0.13103538] 
[0.01970518] [0.04563061] [0.07044717] [0.09888757] [0.13467293] [0.17140004] [0.204327] [0.23754688] [0.2590109] [0.28556202] [0.3256299] [0.36049402] [0.40005443] [0.45871735] [0.54223677] [0.6433341] [0.80863136] [1.03599267] [5.7156844] [7.32744232] [0.12448361] 
[0.01871992] [0.04334908] [0.06692481] [0.09394319] [0.12793929] [0.16283004] [0.19411065] [0.22566953] [0.24606036] [0.27128392] [0.3093484] [0.34246932] [0.38005171] [0.43578148] [0.51512493] [0.61116739] [0.76819979] [0.98419303] [5.42990018] [6.9610702] [0.11825943] 
[0.01778392] [0.04118162] [0.06357857] [0.08924603] [0.12154232] [0.15468853] [0.18440511] [0.21438606] [0.23375734] [0.25771972] [0.29388098] [0.32534585] [0.36104913] [0.41399241] [0.48936869] [0.58060902] [0.7297898] [0.93498338] [5.15840517] [6.61301669] [0.11234646] 
[0.01689472] [0.03912254] [0.06039965] [0.08478373] [0.11546521] [0.14695411] [0.17518486] [0.20366675] [0.22206947] [0.24483373] [0.27918693] [0.30907856] [0.34299667] [0.39329278] [0.46490025] [0.55157857] [0.69330031] [0.88823421] [4.90048491] [6.28236586] [0.10672914] 
[0.01604999] [0.03716642] [0.05737966] [0.08054454] [0.10969195] [0.1396064] [0.16642562] [0.19348342] [0.210966] [0.23259205] [0.26522759] [0.29362463] [0.32584684] [0.37362815] [0.44165524] [0.52399964] [0.65863529] [0.8438225] [4.65546067] [5.96824757] [0.10139268] 
[0.01524749] [0.03530809] [0.05451068] [0.07651732] [0.10420735] [0.13262608] [0.15810434] [0.18380925] [0.2004177] [0.22096244] [0.25196621] [0.2789434] [0.30955449] [0.35494674] [0.41957248] [0.49779966] [0.62570353] [0.80163138] [4.42268764] [5.66983519] [0.09632305] 
[0.01448511] [0.03354269] [0.05178515] [0.07269145] [0.09899698] [0.12599478] [0.15019912] [0.17461878] [0.19039682] [0.20991432] [0.2393679] [0.26499623] [0.29407677] [0.3371994] [0.39859385] [0.47290968] [0.59441835] [0.76154981] [4.20155325] [5.38634343] [0.09150689] 
[0.01376086] [0.03186556] [0.04919589] [0.06905688] [0.09404713] [0.11969504] [0.14268916] [0.16588784] [0.18087698] [0.19941861] [0.2273995] [0.25174642] [0.27937293] [0.32033943] [0.37866416] [0.4492642] [0.56469744] [0.72347232] [3.99147559] [5.11702626] [0.08693155] 
[0.01307282] [0.03027228] [0.04673609] [0.06560403] [0.08934478] [0.11371029] [0.1355547] [0.15759345] [0.17183313] [0.18944768] [0.21602953] [0.2391591] [0.26540428] [0.30432246] [0.35973095] [0.42680099] [0.53646256] [0.6872987] [3.79190181] [4.86117494] [0.08258497] 
[0.01241918] [0.02875866] [0.04439929] [0.06232383] [0.08487754] [0.10802477] [0.12877697] [0.14971378] [0.16324147] [0.17997529] [0.20522805] [0.22720114] [0.25213407] [0.28910634] [0.3417444] [0.40546094] [0.50963944] [0.65293377] [3.60230672] [4.6181162] [0.07845572] 
[0.01179822] [0.02732073] [0.04217933] [0.05920764] [0.08063366] [0.10262353] [0.12233812] [0.14222809] [0.1550794] [0.17097653] [0.19496665] [0.21584109] [0.23952737] [0.27465102] [0.32465718] [0.38518789] [0.48415746] [0.62028708] [3.42219138] [4.38721039] [0.07453294] 
[0.01120831] [0.02595469] [0.04007036] [0.05624726] [0.07660198] [0.09749236] [0.11622121] [0.13511669] [0.14732543] [0.1624277] [0.18521832] [0.20504903] [0.227551] [0.26091847] [0.30842433] [0.36592849] [0.45994959] [0.58927272] [3.25108182] [4.16784987] [0.07080629] 
[0.01064789] [0.02465696] [0.03806684] [0.0534349] [0.07277188] [0.09261774] [0.11041015] [0.12836085] [0.13995916] [0.15430632] [0.1759574] [0.19479658] [0.21617345] [0.24787255] [0.29300311] [0.34763207] [0.43695211] [0.55980909] [3.08852772] [3.95945737] [0.06726598] 
[0.0101155] [0.02342411] [0.0361635] [0.05076315] [0.06913328] [0.08798685] [0.10488965] [0.12194281] [0.1329612] [0.146591] [0.16715953] [0.18505675] [0.20536478] [0.23547892] [0.27835295] [0.33025047] [0.41510451] [0.53181863] [2.93410134] [3.76148451] [0.06390268] 
[0.00960972] [0.02225291] [0.03435532] [0.04822499] [0.06567662] [0.08358751] [0.09964516] [0.11584567] [0.12631314] [0.13926145] [0.15880155] [0.17580391] [0.19509654] [0.22370497] [0.26443531] [0.31373794] [0.39434928] [0.5052277] [2.78739627] [3.57341028] [0.06070754] 
[0.00912923] [0.02114026] [0.03263756] [0.04581374] [0.06239279] [0.07940813] [0.09466291] [0.11005339] [0.11999748] [0.13229838] [0.15086148] [0.16701372] [0.18534171] [0.21251972] [0.25121354] [0.29805105] [0.37463182] [0.47996632] [2.64802646] [3.39473977] [0.05767217] 
[0.00867277] [0.02008325] [0.03100568] [0.04352306] [0.05927315] [0.07543773] [0.08992976] [0.10455072] [0.11399761] [0.12568346] [0.1433184] [0.15866303] [0.17607462] [0.20189374] [0.23865286] [0.28314849] [0.35590023] [0.455968] [2.51562514] [3.22500278] [0.05478856] 
[0.00823913] [0.01907909] [0.0294554] [0.0413469] [0.05630949] [0.07166584] [0.08543327] [0.09932318] [0.10829773] [0.11939929] [0.13615248] [0.15072988] [0.16727089] [0.19179905] [0.22672022] [0.26899107] [0.33810521] [0.4331696] [2.38984388] [3.06375264] [0.05204913] 
[0.00782718] [0.01812513] [0.02798263] [0.03927956] [0.05349402] [0.06808255] [0.08116161] [0.09435702] [0.10288284] [0.11342932] [0.12934486] [0.14319339] [0.15890735] [0.1822091] [0.21538421] [0.25554152] [0.32119995] [0.41151112] [2.27035168] [2.91056501] [0.04944667] 
[0.00743582] [0.01721887] [0.02658349] [0.03731558] [0.05081932] [0.06467842] [0.07710353] [0.08963917] [0.0977387] [0.10775786] [0.12287761] [0.13603372] [0.15096198] [0.17309864] [0.204615] [0.24276444] [0.30513996] [0.39093556] [2.1568341] [2.76503676] [0.04697434] 
[0.00706403] [0.01635793] [0.02525432] [0.0354498] [0.04827835] [0.0614445] [0.07324835] [0.08515721] [0.09285176] [0.10236996] [0.11673373] [0.12923203] [0.14341388] [0.16444371] [0.19438425] [0.23062622] [0.28988296] [0.37138879] [2.0489924] [2.62678492] [0.04462562] 
[0.00671083] [0.01554003] [0.0239916] [0.03367731] [0.04586443] [0.05837228] [0.06958593] [0.08089935] [0.08820918] [0.09725146] [0.11089705] [0.12277043] [0.13624319] [0.15622153] [0.18466504] [0.21909491] [0.27538881] [0.35281935] [1.94654278] [2.49544567] [0.04239434] 
[0.00637529] [0.01476303] [0.02279202] [0.03199345] [0.04357121] [0.05545366] [0.06610664] [0.07685438] [0.08379872] [0.09238889] [0.10535219] [0.11663191] [0.12943103] [0.14841045] [0.17543178] [0.20814016] [0.26161937] [0.33517838] [1.84921564] [2.37067339] [0.04027462] 
[0.00605652] [0.01402488] [0.02165242] [0.03039377] [0.04139265] [0.05268098] [0.06280131] [0.07301166] [0.07960878] [0.08776945] [0.10008459] [0.11080031] [0.12295948] [0.14098993] [0.1666602] [0.19773315] [0.2485384] [0.31841946] [1.75675485] [2.25213972] [0.03826089] 
[0.00575369] [0.01332364] [0.0205698] [0.02887409] [0.03932302] [0.05004693] [0.05966124] [0.06936108] [0.07562834] [0.08338097] [0.09508036] [0.1052603] [0.1168115] [0.13394043] [0.15832719] [0.1878465] [0.23611148] [0.30249849] [1.66891711] [2.13953273] [0.03634785] 
[0.00546601] [0.01265745] [0.01954131] [0.02743038] [0.03735687] [0.04754458] [0.05667818] [0.06589303] [0.07184692] [0.07921193] [0.09032634] [0.09999728] [0.11097093] [0.12724341] [0.15041083] [0.17845417] [0.22430591] [0.28737356] [1.58547126] [2.0325561] [0.03453046] 
[0.00519271] [0.01202458] [0.01856425] [0.02605886] [0.03548902] [0.04516735] [0.05384427] [0.06259838] [0.06825458] [0.07525133] [0.08581002] [0.09499742] [0.10542238] [0.12088124] [0.14289028] [0.16953146] [0.21309061] [0.27300488] [1.50619769] [1.93092829] [0.03280393] 
[0.00493307] [0.01142335] [0.01763603] [0.02475592] [0.03371457] [0.04290899] [0.05115206] [0.05946846] [0.06484185] [0.07148876] [0.08151952] [0.09024755] [0.10015126] [0.11483718] [0.13574577] [0.16105489] [0.20243608] [0.25935464] [1.43088781] [1.83438188] [0.03116374] 
[0.00468642] [0.01085219] [0.01675423] [0.02351812] [0.03202884] [0.04076354] [0.04859445] [0.05649503] [0.06159976] [0.06791432] [0.07744354] [0.08573517] [0.0951437] [0.10909532] [0.12895848] [0.15300214] [0.19231428] [0.24638691] [1.35934342] [1.74266278] [0.02960555] 
[0.0044521] [0.01030958] [0.01591652] [0.02234222] [0.0304274] [0.03872536] [0.04616473] [0.05367028] [0.05851977] [0.06451861] [0.07357137] [0.08144841] [0.09038651] [0.10364055] [0.12251056] [0.14535204] [0.18269856] [0.23406756] [1.29137625] [1.65552964] [0.02812527] 
[0.00422949] [0.0097941] [0.01512069] [0.02122511] [0.02890603] [0.03678909] [0.04385649] [0.05098677] [0.05559378] [0.06129268] [0.0698928] [0.07737599] [0.08586719] [0.09845852] [0.11638503] [0.13808444] [0.17356363] [0.22236419] [1.22680744] [1.57275316] [0.02671901] 
[0.00401802] [0.00930439] [0.01436466] [0.02016385] [0.02746073] [0.03494964] [0.04166367] [0.04843743] [0.05281409] [0.05822804] [0.06639816] [0.07350719] [0.08157383] [0.0935356] [0.11056578] [0.13118021] [0.16488545] [0.21124598] [1.16546706] [1.4941155] [0.02538306] 
[0.00381712] [0.00883917] [0.01364643] [0.01915566] [0.02608769] [0.03320216] [0.03958049] [0.04601556] [0.05017339] [0.05531664] [0.06307825] [0.06983183] [0.07749514] [0.08885882] [0.10503749] [0.1246212] [0.15664118] [0.20068368] [1.10719371] [1.41940973] [0.02411391] 
[0.00362626] [0.00839721] [0.01296411] [0.01819788] [0.02478331] [0.03154205] [0.03760146] [0.04371478] [0.04766472] [0.05255081] [0.05992434] [0.06634024] [0.07362038] [0.08441588] [0.09978562] [0.11839014] [0.14880912] [0.19064949] [1.05183402] [1.34843924] [0.02290821] 
[0.00344495] [0.00797735] [0.0123159] [0.01728798] [0.02354414] [0.02996495] [0.03572139] [0.04152904] [0.04528148] [0.04992327] [0.05692812] [0.06302323] [0.06993936] [0.08019508] [0.09479633] [0.11247064] [0.14136867] [0.18111702] [0.99924232] [1.28101728] [0.0217628] 
[0.0032727] [0.00757849] [0.0117001] [0.01642358] [0.02236694] [0.0284667] [0.03393532] [0.03945259] [0.04301741] [0.04742711] [0.05408172] [0.05987207] [0.06644239] [0.07618533] [0.09005652] [0.1068471] [0.13430023] [0.17206117] [0.94928021] [1.21696642] [0.02067466] 
[0.00310907] [0.00719956] [0.0111151] [0.0156024] [0.02124859] [0.02704336] [0.03223855] [0.03747996] [0.04086654] [0.04505575] [0.05137763] [0.05687846] [0.06312027] [0.07237606] [0.08555369] [0.10150475] [0.12758522] [0.16345811] [0.9018162] [1.1561181] [0.01964093] 
[0.00295361] [0.00683958] [0.01055934] [0.01482228] [0.02018616] [0.0256912] [0.03062663] [0.03560596] [0.03882321] [0.04280296] [0.04880875] [0.05403454] [0.05996426] [0.06875726] [0.08127601] [0.09642951] [0.12120596] [0.1552852] [0.85672539] [1.09831219] [0.01865888] 
[0.00280593] [0.0064976] [0.01003138] [0.01408117] [0.01917685] [0.02440664] [0.02909529] [0.03382566] [0.03688205] [0.04066282] [0.04636831] [0.05133281] [0.05696605] [0.0653194] [0.07721221] [0.09160804] [0.11514566] [0.14752094] [0.81388912] [1.04339658] [0.01772594] 
[0.00266564] [0.00617272] [0.00952981] [0.01337711] [0.01821801] [0.0231863] [0.02764053] [0.03213438] [0.03503795] [0.03862967] [0.0440499] [0.04876617] [0.05411775] [0.06205343] [0.0733516] [0.08702763] [0.10938838] [0.1401449] [0.77319466] [0.99122675] [0.01683964] 
[0.00253235] [0.00586409] [0.00905332] [0.01270825] [0.01730711] [0.02202699] [0.0262585] [0.03052766] [0.03328605] [0.03669819] [0.0418474] [0.04632786] [0.05141186] [0.05895076] [0.06968402] [0.08267625] [0.10391896] [0.13313765] [0.73453493] [0.94166541] [0.01599766] 
[0.00240574] [0.00557088] [0.00860065] [0.01207284] [0.01644175] [0.02092564] [0.02494558] [0.02900128] [0.03162175] [0.03486328] [0.03975503] [0.04401147] [0.04884126] [0.05600322] [0.06619982] [0.07854244] [0.09872301] [0.12648077] [0.69780818] [0.89458214] [0.01519777] 
[0.00228545] [0.00529234] [0.00817062] [0.0114692] [0.01561967] [0.01987936] [0.0236983] [0.02755121] [0.03004066] [0.03312012] [0.03776728] [0.0418109] [0.0463992] [0.05320306] [0.06288983] [0.07461532] [0.09378686] [0.12015673] [0.66291777] [0.84985304] [0.01443789] 
[0.00217118] [0.00502772] [0.00776209] [0.01089574] [0.01483868] [0.01888539] [0.02251338] [0.02617365] [0.02853863] [0.03146411] [0.03587891] [0.03972035] [0.04407924] [0.0505429] [0.05974533] [0.07088455] [0.08909752] [0.11414889] [0.62977188] [0.80736038] [0.01371599] 
[0.00206262] [0.00477634] [0.00737398] [0.01035095] [0.01409675] [0.01794112] [0.02138771] [0.02486497] [0.0271117] [0.02989091] [0.03408497] [0.03773433] [0.04187528] [0.04801576] [0.05675807] [0.06734032] [0.08464264] [0.10844145] [0.59828329] [0.76699237] [0.01303019] 
[0.00195949] [0.00453752] [0.00700529] [0.00983341] [0.01339191] [0.01704406] [0.02031833] [0.02362172] [0.02575611] [0.02839636] [0.03238072] [0.03584762] [0.03978152] [0.04561497] [0.05392016] [0.06397331] [0.08041051] [0.10301938] [0.56836913] [0.72864275] [0.01237868] 
[0.00186151] [0.00431064] [0.00665502] [0.00934174] [0.01272232] [0.01619186] [0.01930241] [0.02244064] [0.02446831] [0.02697654] [0.03076168] [0.03405524] [0.03779244] [0.04333422] [0.05122416] [0.06077464] [0.07638998] [0.09786841] [0.53995067] [0.69221061] [0.01175975] 
[0.00176844] [0.00409511] [0.00632227] [0.00887465] [0.0120862] [0.01538227] [0.01833729] [0.0213186] [0.02324489] [0.02562772] [0.0292236] [0.03235248] [0.03590282] [0.04116751] [0.04866295] [0.05773591] [0.07257049] [0.09297499] [0.51295314] [0.65760008] [0.01117176] 
[0.00168002] [0.00389036] [0.00600616] [0.00843092] [0.01148189] [0.01461315] [0.01742043] [0.02025267] [0.02208265] [0.02434633] [0.02776242] [0.03073485] [0.03410768] [0.03910914] [0.0462298] [0.05484912] [0.06894196] [0.08832624] [0.48730548] [0.62472008] [0.01061317] 
[0.00159601] [0.00369584] [0.00570585] [0.00800937] [0.0109078] [0.0138825] [0.01654941] [0.01924004] [0.02097851] [0.02312901] [0.0263743] [0.02919811] [0.03240229] [0.03715368] [0.04391831] [0.05210666] [0.06549486] [0.08390993] [0.46294021] [0.59348407] [0.01008251] 
[0.00151621] [0.00351105] [0.00542056] [0.0076089] [0.01036241] [0.01318837] [0.01572194] [0.01827804] [0.01992959] [0.02197256] [0.02505558] [0.0277382] [0.03078218] [0.03529599] [0.04172239] [0.04950133] [0.06222012] [0.07971443] [0.4397932] [0.56380987] [0.00957839] 
[0.0014404] [0.00333549] [0.00514953] [0.00722846] [0.00984429] [0.01252895] [0.01493584] [0.01736414] [0.01893311] [0.02087393] [0.02380281] [0.02635129] [0.02924307] [0.0335312] [0.03963628] [0.04702626] [0.05910911] [0.07572871] [0.41780354] [0.53561937] [0.00909947] 
[0.00136838] [0.00316872] [0.00489205] [0.00686703] [0.00935207] [0.01190251] [0.01418905] [0.01649593] [0.01798645] [0.01983024] [0.02261266] [0.02503373] [0.02778092] [0.03185464] [0.03765446] [0.04467495] [0.05615366] [0.07194227] [0.39691336] [0.50883841] [0.0086445] 
[0.00129996] [0.00301028] [0.00464745] [0.00652368] [0.00888447] [0.01130738] [0.01347959] [0.01567113] [0.01708713] [0.01883873] [0.02148203] [0.02378204] [0.02639187] [0.0302619] [0.03577174] [0.0424412] [0.05334598] [0.06834516] [0.37706769] [0.48339649] [0.00821227] 
[0.00123497] [0.00285977] [0.00441508] [0.0061975] [0.00844024] [0.01074201] [0.01280561] [0.01488758] [0.01623277] [0.01789679] [0.02040793] [0.02259294] [0.02507228] [0.02874881] [0.03398315] [0.04031914] [0.05067868] [0.0649279] [0.35821431] [0.45922666] [0.00780166] 
[0.00117322] [0.00271678] [0.00419432] [0.00588762] [0.00801823] [0.01020491] [0.01216533] [0.0141432] [0.01542114] [0.01700195] [0.01938753] [0.02146329] [0.02381866] [0.02731137] [0.03228399] [0.03830318] [0.04814474] [0.06168151] [0.34030359] [0.43626533] [0.00741157] 
[0.00111456] [0.00258094] [0.00398461] [0.00559324] [0.00761732] [0.00969467] [0.01155707] [0.01343604] [0.01465008] [0.01615185] [0.01841816] [0.02039013] [0.02262773] [0.0259458] [0.03066979] [0.03638802] [0.04573751] [0.05859743] [0.32328841] [0.41445206] [0.007041] 
[0.00105883] [0.00245189] [0.00378538] [0.00531358] [0.00723645] [0.00920993] [0.01097921] [0.01276424] [0.01391757] [0.01534426] [0.01749725] [0.01937062] [0.02149634] [0.02464851] [0.0291363] [0.03456862] [0.04345063] [0.05566756] [0.30712399] [0.39372946] [0.00668895] 
[0.00100589] [0.0023293] [0.00359611] [0.0050479] [0.00687463] [0.00874944] [0.01043025] [0.01212602] [0.0132217] [0.01457705] [0.01662239] [0.01840209] [0.02042153] [0.02341608] [0.02767949] [0.03284019] [0.0412781] [0.05288418] [0.29176779] [0.37404299] [0.0063545] 
[0.00095559] [0.00221283] [0.0034163] [0.00479551] [0.0065309] [0.00831196] [0.00990874] [0.01151972] [0.01256061] [0.01384819] [0.01579127] [0.01748199] [0.01940045] [0.02224528] [0.02629551] [0.03119818] [0.03921419] [0.05023997] [0.2771794] [0.35534084] [0.00603677] 
[0.00090781] [0.00210219] [0.00324549] [0.00455573] [0.00620435] [0.00789637] [0.0094133] [0.01094374] [0.01193258] [0.01315578] [0.0150017] [0.01660789] [0.01843043] [0.02113302] [0.02498074] [0.02963827] [0.03725348] [0.04772797] [0.26332043] [0.33757379] [0.00573493] 
[0.00086242] [0.00199708] [0.00308321] [0.00432794] [0.00589414] [0.00750155] [0.00894264] [0.01039655] [0.01133595] [0.012498] [0.01425162] [0.01577749] [0.01750891] [0.02007637] [0.0237317] [0.02815636] [0.03539081] [0.04534158] [0.25015441] [0.32069511] [0.00544819] 
[0.0008193] [0.00189723] [0.00292905] [0.00411155] [0.00559943] [0.00712647] [0.00849551] [0.00987672] [0.01076915] [0.0118731] [0.01353904] [0.01498862] [0.01663346] [0.01907255] [0.02254512] [0.02674854] [0.03362127] [0.0430745] [0.23764669] [0.30466035] [0.00517578] 
[0.00077834] [0.00180237] [0.0027826] [0.00390597] [0.00531946] [0.00677015] [0.00807073] [0.00938289] [0.0102307] [0.01127944] [0.01286209] [0.01423919] [0.01580179] [0.01811892] [0.02141786] [0.02541111] [0.03194021] [0.04092077] [0.22576435] [0.28942733] [0.00491699] 
[0.00073942] [0.00171225] [0.00264347] [0.00371067] [0.00505349] [0.00643164] [0.00766719] [0.00891374] [0.00971916] [0.01071547] [0.01221898] [0.01352723] [0.0150117] [0.01721297] [0.02034697] [0.02414056] [0.0303432] [0.03887473] [0.21447614] [0.27495597] [0.00467114] 
[0.00070245] [0.00162664] [0.0025113] [0.00352514] [0.00480081] [0.00611006] [0.00728383] [0.00846805] [0.0092332] [0.0101797] [0.01160803] [0.01285087] [0.01426111] [0.01635232] [0.01932962] [0.02293353] [0.02882604] [0.036931] [0.20375233] [0.26120817] [0.00443758] 
[0.00066733] [0.0015453] [0.00238573] [0.00334888] [0.00456077] [0.00580455] [0.00691964] [0.00804465] [0.00877154] [0.00967071] [0.01102763] [0.01220832] [0.01354806] [0.01553471] [0.01836314] [0.02178685] [0.02738473] [0.03508445] [0.19356471] [0.24814776] [0.0042157] 
[0.00063396] [0.00146804] [0.00226644] [0.00318144] [0.00433273] [0.00551433] [0.00657366] [0.00764242] [0.00833297] [0.00918718] [0.01047625] [0.01159791] [0.01287065] [0.01475797] [0.01744498] [0.02069751] [0.0260155] [0.03333022] [0.18388648] [0.23574037] [0.00400492] 
[0.00060226] [0.00139464] [0.00215312] [0.00302236] [0.0041161] [0.00523861] [0.00624498] [0.0072603] [0.00791632] [0.00872782] [0.00995244] [0.01101801] [0.01222712] [0.01402007] [0.01657273] [0.01966264] [0.02471472] [0.03166371] [0.17469215] [0.22395335] [0.00380467] 
[0.00057215] [0.00132491] [0.00204547] [0.00287125] [0.00391029] [0.00497668] [0.00593273] [0.00689728] [0.0075205] [0.00829143] [0.00945482] [0.01046711] [0.01161577] [0.01331907] [0.0157441] [0.0186795] [0.02347899] [0.03008053] [0.16595755] [0.21275568] [0.00361444] 
[0.00054354] [0.00125866] [0.00194319] [0.00272768] [0.00371478] [0.00472785] [0.00563609] [0.00655242] [0.00714448] [0.00787685] [0.00898207] [0.00994376] [0.01103498] [0.01265312] [0.01495689] [0.01774553] [0.02230504] [0.0285765] [0.15765967] [0.2021179] [0.00343372] 
[0.00051636] [0.00119573] [0.00184603] [0.0025913] [0.00352904] [0.00449145] [0.00535429] [0.0062248] [0.00678725] [0.00748301] [0.00853297] [0.00944657] [0.01048323] [0.01202046] [0.01420905] [0.01685825] [0.02118979] [0.02714768] [0.14977669] [0.19201201] [0.00326203] 
[0.00049055] [0.00113594] [0.00175373] [0.00246173] [0.00335259] [0.00426688] [0.00508657] [0.00591356] [0.00644789] [0.00710886] [0.00810632] [0.00897424] [0.00995907] [0.01141944] [0.01349859] [0.01601534] [0.0201303] [0.02579029] [0.14228785] [0.18241141] [0.00309893] 
[0.00046602] [0.00107914] [0.00166605] [0.00233865] [0.00318496] [0.00405354] [0.00483224] [0.00561788] [0.0061255] [0.00675342] [0.00770101] [0.00852553] [0.00946111] [0.01084847] [0.01282366] [0.01521457] [0.01912378] [0.02450078] [0.13517346] [0.17329084] [0.00294398] 
[0.00044272] [0.00102519] [0.00158274] [0.00222172] [0.00302571] [0.00385086] [0.00459063] [0.00533699] [0.00581922] [0.00641575] [0.00731596] [0.00809925] [0.00898806] [0.01030604] [0.01218248] [0.01445384] [0.01816759] [0.02327574] [0.12841479] [0.16462629] [0.00279678] 
[0.0973805] [0.18733146] [0.30112152] [0.42895314] [0.51905726] [0.60958406] [0.71662373] [0.82625869] [0.87998624] [0.99208667] [1.11891941] [1.24139962] [1.40756716] [2.05982614] [2.84633007] [5.00997178] [6.56217531] [8.64016323] [23.02558418] [26.89183085] [0.36267299] 
[0.09251148] [0.17796489] [0.28606544] [0.40750548] [0.49310439] [0.57910485] [0.68079255] [0.78494576] [0.83598693] [0.94248233] [1.06297344] [1.17932964] [1.3371888] [1.95683484] [2.70401357] [4.75947319] [6.23406654] [8.20815507] [21.87430497] [25.5472393] [0.34453934] 
[0.0878859] [0.16906664] [0.27176217] [0.38713021] [0.46844917] [0.55014961] [0.64675292] [0.74569847] [0.79418758] [0.89535822] [1.00982477] [1.12036316] [1.27032936] [1.8589931] [2.56881289] [4.52149953] [5.92236322] [7.79774731] [20.78058972] [24.26987734] [0.32731237] 
[0.08349161] [0.16061331] [0.25817406] [0.3677737] [0.44502672] [0.52264213] [0.61441527] [0.70841355] [0.7544782] [0.85059031] [0.95933353] [1.064345] [1.20681289] [1.76604344] [2.44037225] [4.29542455] [5.62624506] [7.40785995] [19.74156024] [23.05638347] [0.31094675] 
[0.07931703] [0.15258265] [0.24526536] [0.34938501] [0.42277538] [0.49651002] [0.58369451] [0.67299287] [0.71675429] [0.80806079] [0.91136685] [1.01112775] [1.14647225] [1.67774127] [2.31835363] [4.08065333] [5.3449328] [7.03746695] [18.75448222] [21.9035643] [0.29539942] 
[0.07535118] [0.14495351] [0.23300209] [0.33191576] [0.40163661] [0.47168452] [0.55450978] [0.63934323] [0.68091658] [0.76765775] [0.86579851] [0.96057136] [1.08914864] [1.59385421] [2.20243595] [3.87662066] [5.07768616] [6.6855936] [17.81675811] [20.80838608] [0.28062945] 
[0.07158362] [0.13770584] [0.22135199] [0.31531997] [0.38155478] [0.4481003] [0.52678429] [0.60737607] [0.64687075] [0.72927486] [0.82250858] [0.91254279] [1.0346912] [1.51416149] [2.09231415] [3.68278963] [4.82380185] [6.35131392] [16.92592021] [19.76796678] [0.26659797] 
[0.06800444] [0.13082055] [0.21028439] [0.29955398] [0.36247704] [0.42569528] [0.50044508] [0.57700726] [0.61452721] [0.69281112] [0.78138315] [0.86691565] [0.98295664] [1.43845342] [1.98769845] [3.49865014] [4.58261176] [6.03374823] [16.0796242] [18.77956844] [0.25326807] 
[0.06460421] [0.12427952] [0.19977017] [0.28457628] [0.34435319] [0.40441052] [0.47542283] [0.5481569] [0.58380085] [0.65817056] [0.742314] [0.82356987] [0.93380881] [1.36653075] [1.88831352] [3.32371764] [4.35348117] [5.73206082] [15.27564299] [17.84059002] [0.24060467] 
[0.061374] [0.11806554] [0.18978166] [0.27034746] [0.32713553] [0.38418999] [0.45165168] [0.52074905] [0.55461081] [0.62526204] [0.7051983] [0.78239138] [0.88711837] [1.29820421] [1.79389785] [3.15753176] [4.13580711] [5.44545778] [14.51186084] [16.94856052] [0.22857444] 
[0.0583053] [0.11216227] [0.18029258] [0.25683009] [0.31077875] [0.36498049] [0.4290691] [0.4947116] [0.52688027] [0.59399893] [0.66993838] [0.74327181] [0.84276245] [1.233294] [1.70420296] [2.99965517] [3.92901676] [5.17318489] [13.7862678] [16.10113249] [0.21714572] 
[0.05539004] [0.10655415] [0.17127795] [0.24398859] [0.29523982] [0.34673147] [0.40761565] [0.46997602] [0.50053625] [0.56429899] [0.63644146] [0.70610822] [0.80062433] [1.1716293] [1.61899281] [2.84967241] [3.73256592] [4.91452564] [13.09695441] [15.29607587] [0.20628843] 
[0.05262054] [0.10122644] [0.16271405] [0.23178916] [0.28047782] [0.32939489] [0.38723486] [0.44647722] [0.47550944] [0.53608404] [0.60461939] [0.67080281] [0.76059311] [1.11304784] [1.53804317] [2.70718879] [3.54593763] [4.66879936] [12.44210669] [14.53127207] [0.19597401] 
[0.04998951] [0.09616512] [0.15457835] [0.2201997] [0.26645393] [0.31292515] [0.36787312] [0.42415336] [0.45173397] [0.50927984] [0.57438842] [0.63726267] [0.72256346] [1.05739544] [1.46114101] [2.57182935] [3.36864074] [4.43535939] [11.82000135] [13.80470847] [0.18617531] 
[0.04749003] [0.09135687] [0.14684943] [0.20918971] [0.25313124] [0.29727889] [0.34947946] [0.40294569] [0.42914727] [0.48381584] [0.545669] [0.60539953] [0.68643529] [1.00452567] [1.38808396] [2.44323788] [3.20020871] [4.21359142] [11.22900128] [13.11447305] [0.17686654] 
[0.04511553] [0.08678902] [0.13950696] [0.19873023] [0.24047468] [0.28241495] [0.33200549] [0.38279841] [0.40768991] [0.45962505] [0.51838555] [0.57512956] [0.65211352] [0.95429939] [1.31867976] [2.32107599] [3.04019827] [4.00291185] [10.66755122] [12.45874939] [0.16802322] 
[0.04285976] [0.08244957] [0.13253161] [0.18879372] [0.22845094] [0.2682942] [0.31540522] [0.36365849] [0.38730541] [0.4366438] [0.49246627] [0.54637308] [0.61950784] [0.90658442] [1.25274577] [2.20502219] [2.88818836] [3.80276626] [10.13417366] [11.83581192] [0.15962205] 
[0.04071677] [0.07832709] [0.12590503] [0.17935403] [0.21702839] [0.25487949] [0.29963496] [0.34547556] [0.36794014] [0.41481161] [0.46784296] [0.51905443] [0.58853245] [0.8612552] [1.19010848] [2.09477108] [2.74377894] [3.61262795] [9.62746498] [11.24402133] [0.15164095] 
[0.03868093] [0.07441074] [0.11960978] [0.17038633] [0.20617697] [0.24213552] [0.28465321] [0.32820178] [0.34954313] [0.39407103] [0.44445081] [0.4931017] [0.55910583] [0.81819244] [1.13060306] [1.99003253] [2.60658999] [3.43199655] [9.14609173] [10.68182026] [0.1440589] 
[0.03674688] [0.0706902] [0.11362929] [0.16186701] [0.19586813] [0.23002874] [0.27042055] [0.31179169] [0.33206598] [0.37436748] [0.42222827] [0.46844662] [0.53115054] [0.77728282] [1.07407291] [1.8905309] [2.47626049] [3.26039672] [8.68878714] [10.14772925] [0.13685596] 
[0.03490954] [0.06715569] [0.10794783] [0.15377366] [0.18607472] [0.2185273] [0.25689952] [0.29620211] [0.31546268] [0.3556491] [0.40111686] [0.44502429] [0.50459301] [0.73841868] [1.02036926] [1.79600435] [2.35244747] [3.09737689] [8.25434778] [9.64034279] [0.13001316] 
[0.03316406] [0.06379791] [0.10255043] [0.14608498] [0.17677098] [0.20760094] [0.24405454] [0.281392] [0.29968954] [0.33786665] [0.38106101] [0.42277307] [0.47936336] [0.70149774] [0.9693508] [1.70620414] [2.2348251] [2.94250804] [7.84163039] [9.15832565] [0.1235125] 
[0.03150586] [0.06060801] [0.09742291] [0.13878073] [0.16793243] [0.19722089] [0.23185182] [0.2673224] [0.28470507] [0.32097332] [0.36200796] [0.40163442] [0.45539519] [0.66642285] [0.92088326] [1.62089393] [2.12308384] [2.79538264] [7.44954887] [8.70040936] [0.11733688] 
[0.02993057] [0.05757761] [0.09255177] [0.13184169] [0.15953581] [0.18735985] [0.22025923] [0.25395628] [0.27046981] [0.30492465] [0.34390756] [0.3815527] [0.43262543] [0.63310171] [0.8748391] [1.53984923] [2.01692965] [2.65561351] [7.07707143] [8.2653889] [0.11147003] 
[0.02843404] [0.05469873] [0.08792418] [0.12524961] [0.15155902] [0.17799185] [0.20924626] [0.24125847] [0.25694632] [0.28967842] [0.32671219] [0.36247506] [0.41099416] [0.60144663] [0.83109714] [1.46285677] [1.91608317] [2.52283283] [6.72321786] [7.85211945] [0.10589653] 
[0.02701234] [0.05196379] [0.08352797] [0.11898713] [0.14398107] [0.16909226] [0.19878395] [0.22919555] [0.24409901] [0.2751945] [0.31037658] [0.34435131] [0.39044445] [0.57137429] [0.78954228] [1.38971393] [1.82027901] [2.39669119] [6.38705697] [7.45951348] [0.10060171] 
[0.02566172] [0.0493656] [0.07935157] [0.11303777] [0.13678202] [0.16063765] [0.18884475] [0.21773577] [0.23189406] [0.26143477] [0.29485775] [0.32713375] [0.37092223] [0.54280558] [0.75006517] [1.32022824] [1.72926506] [2.27685663] [6.06770412] [7.0865378] [0.09557162] 
[0.02437863] [0.04689732] [0.07538399] [0.10738588] [0.12994292] [0.15260577] [0.17940252] [0.20684898] [0.22029935] [0.24836303] [0.28011486] [0.31077706] [0.35237612] [0.5156653] [0.71256191] [1.25421682] [1.6428018] [2.1630138] [5.76431891] [6.73221091] [0.09079304] 
[0.0231597] [0.04455246] [0.07161479] [0.10201659] [0.12344577] [0.14497548] [0.17043239] [0.19650653] [0.20928439] [0.23594488] [0.26610912] [0.2952382] [0.33475731] [0.48988204] [0.67693382] [1.19150598] [1.56066171] [2.05486311] [5.47610297] [6.39560037] [0.08625339] 
[0.02200172] [0.04232483] [0.06803405] [0.09691576] [0.11727348] [0.1377267] [0.16191077] [0.18668121] [0.19882017] [0.22414764] [0.25280366] [0.28047629] [0.31801945] [0.46538793] [0.64308712] [1.13193068] [1.48262863] [1.95211995] [5.20229782] [6.07582035] [0.08194072] 
[0.02090163] [0.04020859] [0.06463235] [0.09206997] [0.11140981] [0.13084037] [0.15381523] [0.17734714] [0.18887916] [0.21294026] [0.24016348] [0.26645248] [0.30211848] [0.44211854] [0.61093277] [1.07533415] [1.4084972] [1.85451396] [4.94218293] [5.77202933] [0.07784368] 
[0.01985655] [0.03819816] [0.06140073] [0.08746647] [0.10583932] [0.12429835] [0.14612447] [0.16847979] [0.1794352] [0.20229324] [0.2281553] [0.25312986] [0.28701255] [0.42001261] [0.58038613] [1.02156744] [1.33807234] [1.76178826] [4.69507378] [5.48342787] [0.0739515] 
[0.01886372] [0.03628826] [0.0583307] [0.08309315] [0.10054735] [0.11808343] [0.13881825] [0.1600558] [0.17046344] [0.19217858] [0.21674754] [0.24047336] [0.27266192] [0.39901198] [0.55136682] [0.97048907] [1.27116872] [1.67369885] [4.46032009] [5.20925647] [0.07025392] 
[0.01792054] [0.03447384] [0.05541416] [0.07893849] [0.09551998] [0.11217926] [0.13187733] [0.15205301] [0.16194027] [0.18256965] [0.20591016] [0.2284497] [0.25902883] [0.37906138] [0.52379848] [0.92196462] [1.20761028] [1.5900139] [4.23730409] [4.94879365] [0.06674123] 
[0.01702451] [0.03275015] [0.05264345] [0.07499157] [0.09074398] [0.1065703] [0.12528347] [0.14445036] [0.15384326] [0.17344117] [0.19561465] [0.21702721] [0.24607739] [0.36010831] [0.49760856] [0.87586639] [1.14722977] [1.51051321] [4.02543888] [4.70135397] [0.06340417] 
[0.01617328] [0.03111264] [0.05001128] [0.07124199] [0.08620679] [0.10124178] [0.11901929] [0.13722784] [0.14615109] [0.16476911] [0.18583392] [0.20617585] [0.23377352] [0.3421029] [0.47272813] [0.83207307] [1.08986828] [1.43498755] [3.82416694] [4.46628627] [0.06023396] 
[0.01536462] [0.02955701] [0.04751072] [0.06767989] [0.08189645] [0.09617969] [0.11306833] [0.13036645] [0.13884354] [0.15653066] [0.17654223] [0.19586706] [0.22208484] [0.32499775] [0.44909172] [0.79046941] [1.03537487] [1.36323817] [3.63295859] [4.24297196] [0.05722226] 
[0.01459639] [0.02807916] [0.04513518] [0.0642959] [0.07780162] [0.09137071] [0.10741491] [0.12384813] [0.13190136] [0.14870412] [0.16771511] [0.1860737] [0.2109806] [0.30874786] [0.42663714] [0.75094594] [0.98360612] [1.29507626] [3.45131066] [4.03082336] [0.05436115] 
[0.01386657] [0.0266752] [0.04287842] [0.0610811] [0.07391154] [0.08680217] [0.10204417] [0.11765572] [0.12530629] [0.14126892] [0.15932936] [0.17677002] [0.20043157] [0.29331047] [0.40530528] [0.71339865] [0.93442582] [1.23032245] [3.27874513] [3.82928219] [0.05164309] 
[0.01317324] [0.02534144] [0.0407345] [0.05802705] [0.07021597] [0.08246206] [0.09694196] [0.11177293] [0.11904098] [0.13420547] [0.15136289] [0.16793152] [0.19040999] [0.27864495] [0.38504002] [0.67772871] [0.88770453] [1.16880633] [3.11480787] [3.63781808] [0.04906093] 
[0.01251458] [0.02407437] [0.03869778] [0.05512569] [0.06670517] [0.07833896] [0.09209486] [0.10618429] [0.11308893] [0.1274952] [0.14379475] [0.15953494] [0.18088949] [0.2647127] [0.36578802] [0.64384228] [0.8433193] [1.11036601] [2.95906748] [3.45592718] [0.04660789] 
[0.01188885] [0.02287065] [0.03676289] [0.05236941] [0.06336991] [0.07442201] [0.08749012] [0.10087507] [0.10743448] [0.12112044] [0.13660501] [0.1515582] [0.17184502] [0.25147706] [0.34749862] [0.61165016] [0.80115334] [1.05484771] [2.81111411] [3.28313082] [0.04427749] 
[0.01129441] [0.02172712] [0.03492474] [0.04975094] [0.06020141] [0.07070091] [0.08311561] [0.09583132] [0.10206276] [0.11506442] [0.12977476] [0.14398029] [0.16325277] [0.23890321] [0.33012368] [0.58106766] [0.76109567] [1.00210532] [2.6705584] [3.11897428] [0.04206362] 
[0.01072969] [0.02064076] [0.03317851] [0.04726339] [0.05719134] [0.06716587] [0.07895983] [0.09103975] [0.09695962] [0.10931119] [0.12328602] [0.13678127] [0.15509013] [0.22695805] [0.3136175] [0.55201427] [0.72304089] [0.95200006] [2.53703048] [2.96302556] [0.03996044] 
[0.0101932] [0.01960872] [0.03151958] [0.04490022] [0.05433178] [0.06380757] [0.07501184] [0.08648777] [0.09211164] [0.10384563] [0.11712172] [0.12994221] [0.14733562] [0.21561015] [0.29793663] [0.52441356] [0.68688884] [0.90440005] [2.41017896] [2.81487428] [0.03796242] 
[0.00968354] [0.01862829] [0.0299436] [0.04265521] [0.05161519] [0.0606172] [0.07126125] [0.08216338] [0.08750606] [0.09865335] [0.11126563] [0.1234451] [0.13996884] [0.20482964] [0.28303979] [0.49819288] [0.6525444] [0.85918005] [2.28967001] [2.67413057] [0.0360643] 
[0.00919936] [0.01769687] [0.02844642] [0.04052245] [0.04903443] [0.05758634] [0.06769819] [0.07805521] [0.08313075] [0.09372069] [0.10570235] [0.11727284] [0.1329704] [0.19458816] [0.2688878] [0.47328324] [0.61991718] [0.81622105] [2.17518651] [2.54042404] [0.03426108] 
[0.0087394] [0.01681203] [0.0270241] [0.03849633] [0.04658271] [0.05470702] [0.06431328] [0.07415245] [0.07897422] [0.08903465] [0.10041723] [0.1114092] [0.12632188] [0.18485875] [0.25544341] [0.44961908] [0.58892132] [0.77541] [2.06642718] [2.41340284] [0.03254803] 
[0.00830243] [0.01597143] [0.0256729] [0.03657151] [0.04425357] [0.05197167] [0.06109761] [0.07044483] [0.07502551] [0.08458292] [0.09539637] [0.10583874] [0.12000578] [0.17561581] [0.24267124] [0.42713812] [0.55947525] [0.7366395] [1.96310582] [2.2927327] [0.03092063] 
[0.00788731] [0.01517286] [0.02438925] [0.03474294] [0.04204089] [0.04937308] [0.05804273] [0.06692258] [0.07127423] [0.08035377] [0.09062655] [0.1005468] [0.1140055] [0.16683502] [0.23053768] [0.40578122] [0.53150149] [0.69980752] [1.86495053] [2.17809606] [0.02937459] 
[0.00749294] [0.01441421] [0.02316979] [0.03300579] [0.03993885] [0.04690443] [0.0551406] [0.06357645] [0.06771052] [0.07633608] [0.08609523] [0.09551946] [0.10830522] [0.15849327] [0.2190108] [0.38549215] [0.50492642] [0.66481715] [1.77170301] [2.06919126] [0.02790586] 
[0.00711829] [0.0136935] [0.0220113] [0.0313555] [0.03794191] [0.04455921] [0.05238357] [0.06039763] [0.06432499] [0.07251928] [0.08179046] [0.09074349] [0.10288996] [0.15056861] [0.20806026] [0.36621755] [0.4796801] [0.63157629] [1.68311786] [1.9657317] [0.02651057] 
[0.00676238] [0.01300883] [0.02091073] [0.02978772] [0.03604481] [0.04233125] [0.04976439] [0.05737775] [0.06110874] [0.06889332] [0.07770094] [0.08620632] [0.09774546] [0.14304018] [0.19765724] [0.34790667] [0.45569609] [0.59999747] [1.59896196] [1.86744511] [0.02518504] 
[0.00642426] [0.01235839] [0.0198652] [0.02829834] [0.03424257] [0.04021469] [0.04727617] [0.05450886] [0.05805331] [0.06544865] [0.07381589] [0.081896] [0.09285819] [0.13588817] [0.18777438] [0.33051134] [0.43291129] [0.5699976] [1.51901386] [1.77407286] [0.02392579] 
[0.00610305] [0.01174047] [0.01887194] [0.02688342] [0.03253044] [0.03820395] [0.04491236] [0.05178342] [0.05515064] [0.06217622] [0.0701251] [0.0778012] [0.08821528] [0.12909376] [0.17838566] [0.31398577] [0.41126572] [0.54149772] [1.44306317] [1.68536921] [0.0227295] 
[0.00579789] [0.01115344] [0.01792834] [0.02553925] [0.03090392] [0.03629375] [0.04266674] [0.04919425] [0.05239311] [0.05906741] [0.06661884] [0.07391114] [0.08380451] [0.12263907] [0.16946638] [0.29828648] [0.39070244] [0.51442283] [1.37091001] [1.60110075] [0.02159303] 
[0.005508] [0.01059577] [0.01703192] [0.02426229] [0.02935872] [0.03447907] [0.0405334] [0.04673454] [0.04977345] [0.05611404] [0.0632879] [0.07021558] [0.07961429] [0.11650712] [0.16099306] [0.28337216] [0.37116731] [0.48870169] [1.30236451] [1.52104572] [0.02051337] 
[0.0052326] [0.01006598] [0.01618033] [0.02304917] [0.02789079] [0.03275511] [0.03850673] [0.04439781] [0.04728478] [0.05330833] [0.06012351] [0.0667048] [0.07563357] [0.11068176] [0.15294341] [0.26920355] [0.35260895] [0.46426661] [1.23724629] [1.44499343] [0.01948771] 
[0.00497097] [0.00956268] [0.01537131] [0.02189671] [0.02649625] [0.03111736] [0.0365814] [0.04217792] [0.04492054] [0.05064292] [0.05711733] [0.06336956] [0.0718519] [0.10514767] [0.14529624] [0.25574337] [0.3349785] [0.44105328] [1.17538397] [1.37274376] [0.01851332] 
[0.00472242] [0.00908455] [0.01460275] [0.02080188] [0.02517144] [0.02956149] [0.03475233] [0.04006902] [0.04267451] [0.04811077] [0.05426147] [0.06020109] [0.0682593] [0.09989029] [0.13803143] [0.2429562] [0.31822958] [0.41900061] [1.11661477] [1.30410657] [0.01758765] 
[0.0044863] [0.00863032] [0.01387261] [0.01976178] [0.02391286] [0.02808341] [0.03301471] [0.03806557] [0.04054079] [0.04570523] [0.05154839] [0.05719103] [0.06484634] [0.09489578] [0.13112985] [0.23080839] [0.3023181] [0.39805058] [1.06078403] [1.23890124] [0.01670827] 
[0.00426199] [0.00819881] [0.01317898] [0.0187737] [0.02271722] [0.02667924] [0.03136398] [0.03616229] [0.03851375] [0.04341997] [0.04897097] [0.05433148] [0.06160402] [0.09015099] [0.12457336] [0.21926797] [0.28720219] [0.37814805] [1.00774483] [1.17695618] [0.01587286] 
[0.00404889] [0.00778887] [0.01252003] [0.01783501] [0.02158136] [0.02534528] [0.02979578] [0.03435418] [0.03658806] [0.04124897] [0.04652242] [0.05161491] [0.05852382] [0.08564344] [0.11834469] [0.20830457] [0.27284208] [0.35924065] [0.95735759] [1.11810837] [0.01507922] 
[0.00384644] [0.00739942] [0.01189403] [0.01694326] [0.02050229] [0.02407802] [0.02830599] [0.03263647] [0.03475866] [0.03918652] [0.0441963] [0.04903416] [0.05559763] [0.08136127] [0.11242746] [0.19788935] [0.25919998] [0.34127862] [0.90948971] [1.06220295] [0.01432525] 
[0.00365412] [0.00702945] [0.01129933] [0.0160961] [0.01947718] [0.02287412] [0.02689069] [0.03100465] [0.03302073] [0.0372272] [0.04198649] [0.04658245] [0.05281775] [0.0772932] [0.10680609] [0.18799488] [0.24623998] [0.32421469] [0.86401523] [1.0090928] [0.01360899] 
[0.00347141] [0.00667798] [0.01073436] [0.01529129] [0.01850332] [0.02173041] [0.02554615] [0.02945441] [0.03136969] [0.03536584] [0.03988716] [0.04425333] [0.05017686] [0.07342854] [0.10146578] [0.17859513] [0.23392798] [0.30800395] [0.82081446] [0.95863816] [0.01292854] 
[0.00329784] [0.00634408] [0.01019764] [0.01452673] [0.01757815] [0.02064389] [0.02426885] [0.02798169] [0.02980121] [0.03359755] [0.03789281] [0.04204066] [0.04766802] [0.06975712] [0.09639249] [0.16966538] [0.22223158] [0.29260376] [0.77977374] [0.91070626] [0.01228212] 
[0.00313295] [0.00602688] [0.00968776] [0.01380039] [0.01669924] [0.0196117] [0.0230554] [0.02658261] [0.02831115] [0.03191767] [0.03599816] [0.03993863] [0.04528462] [0.06626926] [0.09157287] [0.16118211] [0.21112] [0.27797357] [0.74078505] [0.86517094] [0.01166801] 
[0.0029763] [0.00572553] [0.00920337] [0.01311037] [0.01586428] [0.01863111] [0.02190263] [0.02525348] [0.02689559] [0.03032179] [0.03419826] [0.0379417] [0.04302038] [0.0629558] [0.08699422] [0.153123] [0.200564] [0.26407489] [0.7037458] [0.8219124] [0.01108461] 
[0.00282749] [0.00543926] [0.0087432] [0.01245485] [0.01507107] [0.01769956] [0.0208075] [0.0239908] [0.02555081] [0.0288057] [0.03248834] [0.03604461] [0.04086937] [0.05980801] [0.08264451] [0.14546685] [0.1905358] [0.25087115] [0.66855851] [0.78081678] [0.01053038] 
[0.00268611] [0.00516729] [0.00830604] [0.01183211] [0.01431751] [0.01681458] [0.01976713] [0.02279126] [0.02427327] [0.02736541] [0.03086393] [0.03424238] [0.0388259] [0.05681761] [0.07851229] [0.13819351] [0.18100901] [0.23832759] [0.63513059] [0.74177594] [0.01000386] 
[0.00255181] [0.00490893] [0.00789074] [0.01124051] [0.01360164] [0.01597385] [0.01877877] [0.0216517] [0.0230596] [0.02599714] [0.02932073] [0.03253026] [0.0368846] [0.05397673] [0.07458667] [0.13128384] [0.17195856] [0.22641121] [0.60337406] [0.70468714] [0.00950367] 
[0.00242422] [0.00466348] [0.0074962] [0.01067848] [0.01292156] [0.01517516] [0.01783983] [0.02056912] [0.02190662] [0.02469728] [0.02785469] [0.03090375] [0.03504037] [0.05127789] [0.07085734] [0.12471964] [0.16336063] [0.21509065] [0.57320535] [0.66945278] [0.00902848] 
[0.00230301] [0.00443031] [0.00712139] [0.01014456] [0.01227548] [0.0144164] [0.01694784] [0.01954066] [0.02081129] [0.02346242] [0.02646196] [0.02935856] [0.03328835] [0.048714] [0.06731447] [0.11848366] [0.1551926] [0.20433612] [0.54454509] [0.63598014] [0.00857706] 
[0.00218786] [0.00420879] [0.00676532] [0.00963733] [0.01166171] [0.01369558] [0.01610045] [0.01856363] [0.01977073] [0.0222893] [0.02513886] [0.02789063] [0.03162394] [0.0462783] [0.06394875] [0.11255948] [0.14743297] [0.19411931] [0.51731783] [0.60418114] [0.00814821] 
[0.00207846] [0.00399835] [0.00642706] [0.00915546] [0.01107862] [0.0130108] [0.01529543] [0.01763545] [0.01878219] [0.02117483] [0.02388192] [0.0264961] [0.03004274] [0.04396438] [0.06075131] [0.1069315] [0.14006132] [0.18441334] [0.49145194] [0.57397208] [0.0077408] 
[0.00197454] [0.00379844] [0.0061057] [0.00869769] [0.01052469] [0.01236026] [0.01453065] [0.01675367] [0.01784308] [0.02011609] [0.02268782] [0.0251713] [0.0285406] [0.04176616] [0.05771375] [0.10158493] [0.13305826] [0.17519268] [0.46687934] [0.54527348] [0.00735376] 
[0.00187581] [0.00360851] [0.00580042] [0.0082628] [0.00999845] [0.01174225] [0.01380412] [0.01591599] [0.01695093] [0.01911029] [0.02155343] [0.02391273] [0.02711357] [0.03967785] [0.05482806] [0.09650568] [0.12640534] [0.16643304] [0.44353538] [0.5180098] [0.00698607] 
[0.00178202] [0.00342809] [0.0055104] [0.00784966] [0.00949853] [0.01115513] [0.01311392] [0.01512019] [0.01610338] [0.01815477] [0.02047576] [0.0227171] [0.02575789] [0.03769396] [0.05208666] [0.0916804] [0.12008508] [0.15811139] [0.42135861] [0.49210931] [0.00663676] 
[0.00169292] [0.00325668] [0.00523488] [0.00745718] [0.00902361] [0.01059738] [0.01245822] [0.01436418] [0.01529821] [0.01724703] [0.01945197] [0.02158124] [0.02447] [0.03580926] [0.04948232] [0.08709638] [0.11408082] [0.15020582] [0.40029068] [0.46750385] [0.00630493] 
[0.00160828] [0.00309385] [0.00497313] [0.00708432] [0.00857242] [0.01006751] [0.01183531] [0.01364597] [0.0145333] [0.01638468] [0.01847937] [0.02050218] [0.0232465] [0.0340188] [0.04700821] [0.08274156] [0.10837678] [0.14269553] [0.38027614] [0.44412865] [0.00598968] 
[0.00152786] [0.00293916] [0.00472448] [0.00673011] [0.0081438] [0.00956413] [0.01124354] [0.01296367] [0.01380664] [0.01556545] [0.0175554] [0.01947707] [0.02208417] [0.03231786] [0.0446578] [0.07860448] [0.10295794] [0.13556075] [0.36126234] [0.42192222] [0.0056902] 
[0.00145147] [0.0027922] [0.00448825] [0.0063936] [0.00773661] [0.00908593] [0.01068137] [0.01231549] [0.01311631] [0.01478718] [0.01667763] [0.01850322] [0.02097996] [0.03070197] [0.04242491] [0.07467426] [0.09781005] [0.12878272] [0.34319922] [0.40082611] [0.00540569] 
[0.0013789] [0.00265259] [0.00426384] [0.00607392] [0.00734978] [0.00863163] [0.0101473] [0.01169971] [0.01246049] [0.01404782] [0.01584375] [0.01757806] [0.01993097] [0.02916687] [0.04030366] [0.07094054] [0.09291954] [0.12234358] [0.32603926] [0.38078481] [0.0051354] 
[0.00130995] [0.00251996] [0.00405065] [0.00577022] [0.00698229] [0.00820005] [0.00963993] [0.01111473] [0.01183747] [0.01334543] [0.01505156] [0.01669915] [0.01893442] [0.02770853] [0.03828848] [0.06739352] [0.08827357] [0.1162264] [0.3097373] [0.36174556] [0.00487863] 
[0.00124445] [0.00239396] [0.00384812] [0.00548171] [0.00663318] [0.00779005] [0.00915794] [0.01055899] [0.01124559] [0.01267816] [0.01429899] [0.0158642] [0.0179877] [0.0263231] [0.03637405] [0.06402384] [0.08385989] [0.11041508] [0.29425043] [0.34365829] [0.0046347] 
[0.00118223] [0.00227426] [0.00365571] [0.00520763] [0.00630152] [0.00740054] [0.00870004] [0.01003104] [0.01068331] [0.01204425] [0.01358404] [0.01507099] [0.01708831] [0.02500694] [0.03455535] [0.06082265] [0.07966689] [0.10489433] [0.27953791] [0.32647537] [0.00440297] 
[0.00112312] [0.00216055] [0.00347293] [0.00494725] [0.00598644] [0.00703052] [0.00826504] [0.00952949] [0.01014915] [0.01144204] [0.01290484] [0.01431744] [0.0162339] [0.0237566] [0.03282758] [0.05778152] [0.07568355] [0.09964961] [0.26556101] [0.3101516] [0.00418282] 
[0.00106696] [0.00205252] [0.00329928] [0.00469988] [0.00568712] [0.00667899] [0.00785179] [0.00905302] [0.00964169] [0.01086993] [0.01225959] [0.01360156] [0.0154222] [0.02256877] [0.0311862] [0.05489244] [0.07189937] [0.09466713] [0.25228296] [0.29464402] [0.00397368] 
[0.00101361] [0.0019499] [0.00313432] [0.00446489] [0.00540277] [0.00634504] [0.0074592] [0.00860037] [0.00915961] [0.01032644] [0.01164661] [0.01292149] [0.01465109] [0.02144033] [0.02962689] [0.05214782] [0.0683044] [0.08993377] [0.23966881] [0.27991182] [0.00377499] 
[0.00096293] [0.0018524] [0.0029776] [0.00424165] [0.00513263] [0.00602779] [0.00708624] [0.00817035] [0.00870162] [0.00981011] [0.01106428] [0.01227541] [0.01391854] [0.02036831] [0.02814555] [0.04954043] [0.06488918] [0.08543709] [0.22768537] [0.26591623] [0.00358624] 
[0.00091479] [0.00175978] [0.00282872] [0.00402956] [0.004876] [0.0057264] [0.00673192] [0.00776183] [0.00826654] [0.00931961] [0.01051107] [0.01166164] [0.01322261] [0.0193499] [0.02673827] [0.04706341] [0.06164472] [0.08116523] [0.21630111] [0.25262042] [0.00340693] 
[0.00086905] [0.00167179] [0.00268728] [0.00382808] [0.0046322] [0.00544008] [0.00639533] [0.00737374] [0.00785322] [0.00885363] [0.00998552] [0.01107856] [0.01256148] [0.0183824] [0.02540136] [0.04471024] [0.05856249] [0.07710697] [0.20548605] [0.2399894] [0.00323658] 
[0.0008256] [0.0015882] [0.00255292] [0.00363668] [0.00440059] [0.00516808] [0.00607556] [0.00700505] [0.00746056] [0.00841095] [0.00948624] [0.01052463] [0.01193341] [0.01746328] [0.02413129] [0.04247472] [0.05563436] [0.07325162] [0.19521175] [0.22798993] [0.00307475] 
[0.00078432] [0.00150879] [0.00242527] [0.00345485] [0.00418056] [0.00490967] [0.00577178] [0.0066548] [0.00708753] [0.0079904] [0.00901193] [0.0099984] [0.01133674] [0.01659012] [0.02292473] [0.04035099] [0.05285264] [0.06958904] [0.18545116] [0.21659043] [0.00292102] 
[0.0007451] [0.00143335] [0.00230401] [0.0032821] [0.00397153] [0.00466419] [0.00548319] [0.00632206] [0.00673315] [0.00759088] [0.00856133] [0.00949848] [0.0107699] [0.01576061] [0.02177849] [0.03833344] [0.05021001] [0.06610959] [0.1761786] [0.20576091] [0.00277497] 
[0.00070784] [0.00136169] [0.00218881] [0.003118] [0.00377295] [0.00443098] [0.00520904] [0.00600596] [0.00639649] [0.00721134] [0.00813326] [0.00902356] [0.0102314] [0.01497258] [0.02068957] [0.03641677] [0.04769951] [0.06280411] [0.16736967] [0.19547287] [0.00263622] 
[0.00067245] [0.0012936] [0.00207937] [0.0029621] [0.00358431] [0.00420943] [0.00494858] [0.00570566] [0.00607667] [0.00685077] [0.0077266] [0.00857238] [0.00971983] [0.01422395] [0.01965509] [0.03459593] [0.04531454] [0.0596639] [0.15900119] [0.18569922] [0.00250441] 
[0.00063883] [0.00122892] [0.0019754] [0.00281399] [0.00340509] [0.00399896] [0.00470115] [0.00542038] [0.00577284] [0.00650823] [0.00734027] [0.00814376] [0.00923384] [0.01351275] [0.01867233] [0.03286613] [0.04304881] [0.05668071] [0.15105113] [0.17641426] [0.00237919] 
[0.00060689] [0.00116748] [0.00187663] [0.00267329] [0.00323484] [0.00379901] [0.0044661] [0.00514936] [0.00548419] [0.00618282] [0.00697326] [0.00773657] [0.00877215] [0.01283712] [0.01773872] [0.03122283] [0.04089637] [0.05384667] [0.14349857] [0.16759355] [0.00226023] 
[0.283902] [0.46732356] [0.60423289] [0.7602485] [0.94232919] [1.14029407] [1.2900112] [1.43825729] [1.60732333] [1.81714218] [2.02809032] [2.21672022] [2.42787642] [2.62629743] [3.2498585] [3.72067215] [4.66959737] [8.46183999] [10.42493577] [12.00358151] [0.56351737] 
[0.2697069] [0.44395739] [0.57402125] [0.72223608] [0.89521273] [1.08327937] [1.22551064] [1.36634443] [1.52695716] [1.72628507] [1.9266858] [2.10588421] [2.3064826] [2.49498255] [3.08736557] [3.53463854] [4.4361175] [8.03874799] [9.90368898] [11.40340244] [0.5353415] 
[0.25622156] [0.42175952] [0.54532019] [0.68612427] [0.8504521] [1.0291154] [1.16423511] [1.29802721] [1.4506093] [1.63997081] [1.83035151] [2.00059] [2.19115847] [2.37023343] [2.93299729] [3.35790661] [4.21431163] [7.63681059] [9.40850453] [10.83323231] [0.50857443] 
[0.24341048] [0.40067154] [0.51805418] [0.65181806] [0.80792949] [0.97765963] [1.10602335] [1.23312585] [1.37807884] [1.55797227] [1.73883394] [1.9005605] [2.08160055] [2.25172176] [2.78634743] [3.19001128] [4.00359605] [7.25497006] [8.9380793] [10.2915707] [0.48314571] 
[0.23123996] [0.38063796] [0.49215147] [0.61922716] [0.76753302] [0.92877665] [1.05072218] [1.17146956] [1.30917489] [1.48007366] [1.65189224] [1.80553247] [1.97752052] [2.13913567] [2.64703006] [3.03051072] [3.80341625] [6.89222156] [8.49117534] [9.77699216] [0.45898842] 
[0.21967796] [0.36160607] [0.46754389] [0.5882658] [0.72915637] [0.88233782] [0.99818607] [1.11289608] [1.24371615] [1.40606998] [1.56929763] [1.71525585] [1.8786445] [2.03217888] [2.51467855] [2.87898518] [3.61324543] [6.54761048] [8.06661657] [9.28814256] [0.436039] 
[0.20869406] [0.34352576] [0.4441667] [0.55885251] [0.69269855] [0.83822093] [0.94827677] [1.05725127] [1.18153034] [1.33576648] [1.49083275] [1.62949306] [1.78471227] [1.93056994] [2.38894463] [2.73503592] [3.43258316] [6.22022995] [7.66328574] [8.82373543] [0.41423705] 
[0.19825936] [0.32634947] [0.42195836] [0.53090988] [0.65806362] [0.79630988] [0.90086293] [1.00438871] [1.12245382] [1.26897815] [1.41629111] [1.5480184] [1.69547666] [1.83404144] [2.26949739] [2.59828413] [3.260954] [5.90921846] [7.28012146] [8.38254866] [0.3935252] 
[0.18834639] [0.310032] [0.40086045] [0.50436439] [0.62516044] [0.75649439] [0.85581979] [0.95416927] [1.06633113] [1.20552925] [1.34547655] [1.47061748] [1.61070282] [1.74233937] [2.15602253] [2.46836992] [3.0979063] [5.61375753] [6.91611538] [7.96342122] [0.37384894] 
[0.17892907] [0.2945304] [0.38081742] [0.47914617] [0.59390242] [0.71866967] [0.8130288] [0.90646081] [1.01301458] [1.14525278] [1.27820273] [1.39708661] [1.53016768] [1.6552224] [2.0482214] [2.34495143] [2.94301099] [5.33306966] [6.57030961] [7.56525016] [0.35515649] 
[0.16998262] [0.27980388] [0.36177655] [0.45518886] [0.5642073] [0.68273618] [0.77237736] [0.86113777] [0.96236385] [1.08799015] [1.21429259] [1.32723228] [1.4536593] [1.57246128] [1.94581033] [2.22770385] [2.79586044] [5.06641617] [6.24179413] [7.18698765] [0.33739867] 
[0.16148349] [0.26581369] [0.34368773] [0.43242942] [0.53599693] [0.64859937] [0.73375849] [0.81808088] [0.91424566] [1.03359064] [1.15357796] [1.26087067] [1.38097633] [1.49383822] [1.84851981] [2.11631866] [2.65606742] [4.81309537] [5.92970443] [6.82763827] [0.32052873] 
[0.15340931] [0.252523] [0.32650334] [0.41080795] [0.50919709] [0.61616941] [0.69707056] [0.77717684] [0.86853337] [0.98191111] [1.09589906] [1.19782713] [1.31192752] [1.41914631] [1.75609382] [2.01050273] [2.52326405] [4.5724406] [5.63321921] [6.48625636] [0.3045023] 
[0.14573885] [0.23989685] [0.31017817] [0.39026755] [0.48373723] [0.58536094] [0.66221704] [0.738318] [0.8251067] [0.93281555] [1.04110411] [1.13793578] [1.24633114] [1.34818899] [1.66828913] [1.90997759] [2.39710084] [4.34381857] [5.35155824] [6.16194354] [0.28927718] 
[0.1384519] [0.22790201] [0.29466926] [0.37075417] [0.45955037] [0.55609289] [0.62910618] [0.7014021] [0.78385137] [0.88617477] [0.9890489] [1.08103899] [1.18401458] [1.28077954] [1.58487467] [1.81447871] [2.2772458] [4.12662764] [5.08398033] [5.85384636] [0.27481332] 
[0.13152931] [0.21650691] [0.2799358] [0.35221646] [0.43657285] [0.52828824] [0.59765088] [0.66633199] [0.7446588] [0.84186603] [0.93959646] [1.02698704] [1.12481386] [1.21674057] [1.50563094] [1.72375478] [2.16338351] [3.92029626] [4.82978132] [5.56115404] [0.26107266] 
[0.12495284] [0.20568156] [0.26593901] [0.33460564] [0.41474421] [0.50187383] [0.56776833] [0.63301539] [0.70742586] [0.79977273] [0.89261664] [0.97563769] [1.06857316] [1.15590354] [1.43034939] [1.63756704] [2.05521434] [3.72428144] [4.58829225] [5.28309634] [0.24801902] 
[0.1187052] [0.19539749] [0.25264206] [0.31787536] [0.394007] [0.47678014] [0.53937991] [0.60136462] [0.67205457] [0.7597841] [0.8479858] [0.9268558] [1.0151445] [1.09810836] [1.35883192] [1.55568869] [1.95245362] [3.53806737] [4.35887764] [5.01894153] [0.23561807] 
[0.11276994] [0.18562761] [0.24000996] [0.30198159] [0.37430665] [0.45294113] [0.51241092] [0.57129639] [0.63845184] [0.72179489] [0.80558651] [0.88051301] [0.96438728] [1.04320294] [1.29089033] [1.47790425] [1.85483094] [3.361164] [4.14093376] [4.76799445] [0.22383717] 
[0.10713144] [0.17634623] [0.22800946] [0.28688251] [0.35559132] [0.43029408] [0.48679037] [0.54273157] [0.60652925] [0.68570515] [0.76530719] [0.83648736] [0.91616792] [0.9910428] [1.22634581] [1.40400904] [1.76208939] [3.1931058] [3.93388707] [4.52959473] [0.21264531] 
[0.10177487] [0.16752892] [0.21660899] [0.27253839] [0.33781175] [0.40877937] [0.46245085] [0.51559499] [0.57620278] [0.65141989] [0.72704183] [0.79466299] [0.87035952] [0.94149066] [1.16502852] [1.33380859] [1.67398492] [3.03345051] [3.73719271] [4.30311499] [0.20201304] 
[0.09668613] [0.15915247] [0.20577854] [0.25891147] [0.32092116] [0.3883404] [0.43932831] [0.48981524] [0.54739265] [0.61884889] [0.69068974] [0.75492984] [0.82684154] [0.89441612] [1.10677709] [1.26711816] [1.59028568] [2.88177799] [3.55033308] [4.08795924] [0.19191239] 
[0.09185182] [0.15119485] [0.19548961] [0.24596589] [0.3048751] [0.36892338] [0.4173619] [0.46532448] [0.52002301] [0.58790645] [0.65615525] [0.71718335] [0.78549947] [0.84969532] [1.05143824] [1.20376225] [1.51077139] [2.73768909] [3.37281642] [3.88356128] [0.18231677] 
[0.08725923] [0.14363511] [0.18571513] [0.2336676] [0.28963135] [0.35047721] [0.3964938] [0.44205826] [0.49402186] [0.55851113] [0.62334749] [0.68132418] [0.74622449] [0.80721055] [0.99886633] [1.14357414] [1.43523282] [2.60080463] [3.2041756] [3.68938321] [0.17320093] 
[0.08289627] [0.13645335] [0.17642937] [0.22198422] [0.27514978] [0.33295335] [0.37666911] [0.41995534] [0.46932077] [0.53058557] [0.59218011] [0.64725797] [0.70891327] [0.76685002] [0.94892301] [1.08639543] [1.36347118] [2.4707644] [3.04396682] [3.50491405] [0.16454089] 
[0.07875146] [0.12963068] [0.1676079] [0.21088501] [0.26139229] [0.31630569] [0.35783566] [0.39895758] [0.44585473] [0.50405629] [0.56257111] [0.61489508] [0.67346761] [0.72850752] [0.90147686] [1.03207566] [1.29529762] [2.34722618] [2.89176848] [3.32966835] [0.15631384] 
[0.07481388] [0.12314915] [0.15922751] [0.20034076] [0.24832268] [0.3004904] [0.33994387] [0.3790097] [0.42356199] [0.47885348] [0.53444255] [0.58415032] [0.63979422] [0.69208215] [0.85640302] [0.98047188] [1.23053274] [2.22986487] [2.74718006] [3.16318493] [0.14849815] 
[0.07107319] [0.11699169] [0.15126613] [0.19032372] [0.23590654] [0.28546588] [0.32294668] [0.36005921] [0.40238389] [0.4549108] [0.50772042] [0.55494281] [0.60780451] [0.65747804] [0.81358287] [0.93144828] [1.1690061] [2.11837163] [2.60982106] [3.00502569] [0.14107324] 
[0.06751953] [0.11114211] [0.14370283] [0.18080753] [0.22411122] [0.27119259] [0.30679935] [0.34205625] [0.3822647] [0.43216526] [0.4823344] [0.52719567] [0.57741429] [0.62460414] [0.77290372] [0.88487587] [1.1105558] [2.01245305] [2.47933] [2.8547744] [0.13401958] 
[0.06414355] [0.105585] [0.13651769] [0.17176716] [0.21290566] [0.25763296] [0.29145938] [0.32495344] [0.36315146] [0.410557] [0.45821768] [0.50083588] [0.54854357] [0.59337393] [0.73425854] [0.84063207] [1.05502801] [1.9118304] [2.3553635] [2.71203568] [0.1273186] 
[0.06093637] [0.10030575] [0.1296918] [0.1631788] [0.20226037] [0.24475131] [0.27688641] [0.30870577] [0.34499389] [0.39002915] [0.4353068] [0.47579409] [0.52111639] [0.56370523] [0.69754561] [0.79860047] [1.00227661] [1.81623888] [2.23759533] [2.5764339] [0.12095267] 
[0.05788956] [0.09529046] [0.12320721] [0.15501986] [0.19214735] [0.23251375] [0.26304209] [0.29327048] [0.3277442] [0.37052769] [0.41354146] [0.45200438] [0.49506058] [0.53551997] [0.66266833] [0.75867045] [0.95216278] [1.72542693] [2.12571556] [2.4476122] [0.11490504] 
[0.05499508] [0.09052594] [0.11704685] [0.14726887] [0.18253999] [0.22088806] [0.24988998] [0.27860696] [0.31135699] [0.35200131] [0.39286439] [0.42940416] [0.47030755] [0.50874397] [0.62953491] [0.72073693] [0.90455464] [1.63915559] [2.01942978] [2.32523159] [0.10915979] 
[0.05224532] [0.08599964] [0.11119451] [0.13990542] [0.17341299] [0.20984365] [0.23739548] [0.26467661] [0.29578914] [0.33440124] [0.37322117] [0.40793396] [0.44679217] [0.48330677] [0.59805817] [0.68470008] [0.85932691] [1.55719781] [1.91845829] [2.20897001] [0.1037018] 
[0.04963306] [0.08169966] [0.10563478] [0.13291015] [0.16474234] [0.19935147] [0.22552571] [0.25144278] [0.28099968] [0.31768118] [0.35456011] [0.38753726] [0.42445256] [0.45914144] [0.56815526] [0.65046507] [0.81636056] [1.47933792] [1.82253538] [2.09852151] [0.09851671] 
[0.04715141] [0.07761468] [0.10035304] [0.12626464] [0.15650522] [0.1893839] [0.21424943] [0.23887064] [0.2669497] [0.30179712] [0.3368321] [0.3681604] [0.40322993] [0.43618436] [0.5397475] [0.61794182] [0.77554253] [1.40537102] [1.73140861] [1.99359544] [0.09359087] 
[0.04479384] [0.07373395] [0.09533539] [0.11995141] [0.14867996] [0.1799147] [0.20353695] [0.22692711] [0.25360221] [0.28670727] [0.3199905] [0.34975238] [0.38306844] [0.41437515] [0.51276012] [0.58704473] [0.73676541] [1.33510247] [1.64483818] [1.89391567] [0.08891133] 
[0.04255414] [0.07004725] [0.09056862] [0.11395384] [0.14124596] [0.17091897] [0.19336011] [0.21558075] [0.2409221] [0.2723719] [0.30399097] [0.33226476] [0.36391501] [0.39365639] [0.48712212] [0.55769249] [0.69992714] [1.26834735] [1.56259627] [1.79921988] [0.08446576] 
[0.04042644] [0.06654489] [0.08604019] [0.10825615] [0.13418366] [0.16237302] [0.1836921] [0.20480171] [0.228876] [0.25875331] [0.28879142] [0.31565152] [0.34571926] [0.37397357] [0.46276601] [0.52980787] [0.66493078] [1.20492998] [1.48446646] [1.70925889] [0.08024247] 
[0.03840511] [0.06321764] [0.08173818] [0.10284334] [0.12747448] [0.15425437] [0.1745075] [0.19456163] [0.2174322] [0.24581564] [0.27435185] [0.29986894] [0.3284333] [0.35527489] [0.43962771] [0.50331748] [0.63168424] [1.14468348] [1.41024313] [1.62379594] [0.07623035] 
[0.03648486] [0.06005676] [0.07765127] [0.09770117] [0.12110076] [0.14654165] [0.16578212] [0.18483355] [0.20656059] [0.23352486] [0.26063426] [0.2848755] [0.31201164] [0.33751115] [0.41764632] [0.4781516] [0.60010003] [1.08744931] [1.33973098] [1.54260615] [0.07241883] 
[0.03466062] [0.05705392] [0.07376871] [0.09281612] [0.11504572] [0.13921457] [0.15749302] [0.17559187] [0.19623256] [0.22184862] [0.24760255] [0.27063172] [0.29641105] [0.32063559] [0.39676401] [0.45424402] [0.57009503] [1.03307684] [1.27274443] [1.46547584] [0.06879789] 
[0.03292758] [0.05420123] [0.07008027] [0.08817531] [0.10929343] [0.13225384] [0.14961836] [0.16681228] [0.18642093] [0.21075619] [0.23522242] [0.25710014] [0.2815905] [0.30460381] [0.37692581] [0.43153182] [0.54159028] [0.981423] [1.20910721] [1.39220205] [0.065358] 
[0.03128121] [0.05149116] [0.06657626] [0.08376654] [0.10382876] [0.12564115] [0.14213745] [0.15847166] [0.17709988] [0.20021838] [0.2234613] [0.24424513] [0.26751098] [0.28937362] [0.35807952] [0.40995523] [0.51451076] [0.93235185] [1.14865185] [1.32259194] [0.0620901] 
[0.02971715] [0.04891661] [0.06324745] [0.07957822] [0.09863732] [0.11935909] [0.13503057] [0.15054808] [0.16824489] [0.19020746] [0.21228823] [0.23203287] [0.25413543] [0.27490494] [0.34017554] [0.38945747] [0.48878522] [0.88573426] [1.09121925] [1.25646235] [0.05898559] 
[0.02823129] [0.04647078] [0.06008507] [0.07559931] [0.09370546] [0.11339114] [0.12827905] [0.14302067] [0.15983264] [0.18069709] [0.20167382] [0.22043123] [0.24142866] [0.26115969] [0.32316676] [0.36998459] [0.46434596] [0.84144754] [1.03665829] [1.19363923] [0.05603631] 
[0.02681972] [0.04414724] [0.05708082] [0.07181934] [0.08902018] [0.10772158] [0.12186509] [0.13586964] [0.15184101] [0.17166223] [0.19159013] [0.20940967] [0.22935722] [0.24810171] [0.30700843] [0.35148536] [0.44112866] [0.79937517] [0.98482538] [1.13395727] [0.0532345] 
[0.02547874] [0.04193987] [0.05422678] [0.06822837] [0.08456918] [0.1023355] [0.11577184] [0.12907616] [0.14424896] [0.16307912] [0.18201062] [0.19893918] [0.21788936] [0.23569662] [0.291658] [0.3339111] [0.41907223] [0.75940641] [0.93558411] [1.07725941] [0.05057277] 
[0.0242048] [0.03984288] [0.05151544] [0.06481696] [0.08034072] [0.09721873] [0.10998325] [0.12262235] [0.13703651] [0.15492516] [0.17291009] [0.18899222] [0.20699489] [0.22391179] [0.2770751] [0.31721554] [0.39811862] [0.72143609] [0.8888049] [1.02339644] [0.04804413] 
