[0.36119686] [0.63690955] [0.89118721] [1.07447244] [1.26793569] [1.45207817] [1.68608661] [1.92239782] [2.21801354] [2.54845137] [2.7834362] [3.24613824] [3.80370086] [4.2073092] [5.19780331] [6.72364328] [8.45292453] [14.71736625] [19.81922754] [21.83476574] [0.38177241] 
[0.47059086] [0.83351734] [1.1935978] [1.53089875] [1.89370932] [2.24588438] [2.64101147] [3.04005033] [3.52550718] [4.08502343] [4.50911693] [5.3068404] [6.8777863] [8.33367908] [9.9051145] [12.10322937] [14.60614844] [21.22579602] [38.76752776] [47.50069833] [0.97029983] 
[0.65235576] [1.17760213] [1.73112486] [2.22818493] [2.68152747] [3.15251508] [3.6673613] [4.19864491] [4.87547527] [5.63139859] [6.26397517] [7.25590951] [8.94610163] [11.16239692] [13.220739] [17.82166519] [26.14819712] [33.67412774] [55.45825486] [66.55290707] [1.62272334] 
[0.75205693] [1.38281291] [2.0370226] [2.6780371] [3.31536482] [4.00373609] [4.71367096] [5.47848604] [6.33658245] [7.2425168] [8.09891431] [9.24397019] [11.07791917] [13.38389288] [18.44398456] [23.43131275] [32.1800335] [41.08573223] [63.34989231] [76.03531022] [1.87127067] 
[0.97165719] [1.76620039] [2.63177783] [3.44843294] [4.26861554] [5.10000155] [5.96186008] [6.93360149] [7.9651495] [9.15126841] [10.23370801] [11.79412425] [14.28609752] [16.92121124] [23.02555278] [28.32728193] [37.61096795] [47.5942486] [74.08620328] [94.62452091] [2.34192077] 
[1.07435945] [1.95156819] [2.92160176] [3.87620997] [4.83269155] [5.83686667] [6.85837439] [7.99481131] [9.18527821] [10.51448707] [11.74520952] [13.43835595] [16.05057234] [18.83388844] [25.16811389] [30.77996757] [40.69089772] [51.65529885] [84.98371549] [119.68684838] [2.8186904] 
[1.26786194] [2.33043987] [3.4349681] [4.48696045] [5.50443885] [6.60934947] [7.73036687] [8.99130426] [10.32209715] [11.8074148] [13.32843045] [15.16877571] [17.93144299] [20.8722811] [27.19756712] [32.83437011] [44.54078005] [57.37932951] [96.44045165] [136.7466591] [2.98275802] 
[1.44569374] [2.57574004] [3.79255668] [5.02894577] [6.25667802] [7.5842948] [8.9020861] [10.40870552] [12.0596089] [13.80278776] [15.6053515] [17.81495928] [21.0538272] [24.61827915] [31.42639562] [38.3533719] [50.98600812] [64.79496603] [105.9319257] [150.4024849] [3.37247333] 
[1.72117161] [3.01644485] [4.36083738] [5.75086097] [7.14666056] [8.63665587] [10.15997647] [11.85419063] [13.68770904] [15.60865789] [17.61789371] [20.01580989] [23.46231488] [27.4818949] [34.26224925] [41.29944408] [53.95544545] [72.7291101] [114.57174514] [161.4237963] [3.82876569] 
[1.67144228] [2.94641255] [4.27852715] [5.65509489] [7.02420165] [8.4893928] [9.99955555] [11.65643359] [13.44223571] [15.31380923] [17.29144431] [19.71388712] [23.24936297] [28.25960662] [36.4570526] [44.20523934] [56.80487559] [77.35188508] [125.76563703] [183.95289826] [4.03374524] 
[1.73136103] [3.05222057] [4.4425596] [5.88606281] [7.35592641] [8.87287107] [10.43911754] [12.14309686] [13.97167901] [15.90704846] [17.95466182] [20.48190428] [24.11401159] [29.04821597] [37.0678289] [44.739169] [58.20406042] [80.48258997] [132.66240236] [204.66670457] [4.26271419] 
[1.67826308] [2.98511996] [4.36777979] [5.83517463] [7.31195412] [8.83408501] [10.38280747] [12.08490628] [14.03955478] [16.12128391] [18.32756244] [20.85169165] [24.89182259] [30.41194585] [38.86478375] [48.42895393] [63.93712142] [90.44647878] [142.20293485] [218.13045259] [4.49387017] 
[1.59434992] [2.83586396] [4.1493908] [5.54341589] [6.94635641] [8.39238076] [9.8636671] [11.48066097] [13.33757704] [15.31521972] [17.41118432] [19.80910707] [23.64723146] [28.89134856] [36.92154457] [46.00750624] [60.74026535] [85.92415484] [135.09278811] [207.22392996] [4.26917666] 
[1.51463243] [2.69407076] [3.94192126] [5.2662451] [6.59903859] [7.97276172] [9.37048374] [10.90662792] [12.67069818] [14.54945873] [16.54062511] [18.81865172] [22.46486988] [27.44678113] [35.07546734] [43.70713093] [57.70325208] [81.6279471] [128.3381487] [196.86273346] [4.05571782] 
[1.43890081] [2.55936722] [3.7448252] [5.00293284] [6.26908666] [7.57412364] [8.90195956] [10.36129652] [12.03716328] [13.82198579] [15.71359385] [17.87771913] [21.34162639] [26.07444207] [33.32169397] [41.52177438] [54.81808948] [77.54654974] [121.92124127] [187.01959679] [3.85293193] 
[1.36695577] [2.43139886] [3.55758394] [4.7527862] [5.95563233] [7.19541745] [8.45686158] [9.8432317] [11.43530511] [13.1308865] [14.92791416] [16.98383317] [20.27454507] [24.77071997] [31.65560927] [39.44568566] [52.07718501] [73.66922225] [115.8251792] [177.66861695] [3.66028534] 
[1.29860798] [2.30982892] [3.37970474] [4.51514689] [5.65785071] [6.83564658] [8.0340185] [9.35107011] [10.86353986] [12.47434218] [14.18151845] [16.13464152] [19.26081782] [23.53218397] [30.07282881] [37.47340138] [49.47332576] [69.98576114] [110.03392024] [168.7851861] [3.47727107] 
[1.23367758] [2.19433747] [3.21071951] [4.28938955] [5.37495818] [6.49386425] [7.63231757] [8.88351661] [10.32036286] [11.85062507] [13.47244253] [15.32790944] [18.29777693] [22.35557477] [28.56918737] [35.59973131] [46.99965947] [66.48647308] [104.53222423] [160.3459268] [3.30340752] 
[1.1719937] [2.0846206] [3.05018353] [4.07492007] [5.10621027] [6.16917104] [7.2507017] [8.43934078] [9.80434472] [11.25809382] [12.7988204] [14.56151397] [17.38288808] [21.23779603] [27.140728] [33.81974474] [44.64967649] [63.16214943] [99.30561302] [152.32863046] [3.13823714] 
[1.11339401] [1.98038957] [2.89767435] [3.87117407] [4.85089976] [5.86071249] [6.88816661] [8.01737374] [9.31412748] [10.69518913] [12.15887938] [13.83343827] [16.51374368] [20.17590623] [25.7836916] [32.12875751] [42.41719267] [60.00404196] [94.34033237] [144.71219893] [2.98132528] 
[1.05772431] [1.88137009] [2.75279064] [3.67761536] [4.60835477] [5.56767686] [6.54375828] [7.61650505] [8.84842111] [10.16042967] [11.55093541] [13.14176636] [15.68805649] [19.16711092] [24.49450702] [30.52231963] [40.29633304] [57.00383986] [89.62331575] [137.47658899] [2.83225902] 
[1.0048381] [1.78730159] [2.6151511] [3.4937346] [4.37793703] [5.28929302] [6.21657037] [7.2356798] [8.40600005] [9.65240819] [10.97338864] [12.48467804] [14.90365367] [18.20875537] [23.26978167] [28.99620365] [38.28151638] [54.15364787] [85.14214996] [130.60275954] [2.69064607] 
[0.95459619] [1.69793651] [2.48439355] [3.31904787] [4.15904018] [5.02482837] [5.90574185] [6.87389581] [7.98570005] [9.16978778] [10.42471921] [11.86044414] [14.15847098] [17.29831761] [22.10629259] [27.54639347] [36.36744057] [51.44596547] [80.88504246] [124.07262156] [2.55611376] 
[0.90686638] [1.61303968] [2.36017387] [3.15309547] [3.95108817] [4.77358695] [5.61045476] [6.53020102] [7.58641505] [8.71129839] [9.90348325] [11.26742193] [13.45054743] [16.43340173] [21.00097796] [26.16907379] [34.54906854] [48.8736672] [76.84079034] [117.86899048] [2.42830808] 
[0.86152306] [1.5323877] [2.24216518] [2.9954407] [3.75353376] [4.5349076] [5.32993202] [6.20369097] [7.2070943] [8.27573347] [9.40830909] [10.70405083] [12.77802006] [15.61173164] [19.95092906] [24.8606201] [32.82161511] [46.42998384] [72.99875082] [111.97554096] [2.30689267] 
[0.81844691] [1.45576831] [2.13005692] [2.84566866] [3.56585707] [4.30816222] [5.06343542] [5.89350642] [6.84673958] [7.86194679] [8.93789363] [10.16884829] [12.13911906] [14.83114506] [18.95338261] [23.6175891] [31.18053435] [44.10848465] [69.34881328] [106.37676391] [2.19154804] 
[0.77752457] [1.3829799] [2.02355407] [2.70338523] [3.38756422] [4.09275411] [4.81026365] [5.5988311] [6.5044026] [7.46884945] [8.49099895] [9.66040588] [11.53216311] [14.0895878] [18.00571348] [22.43670964] [29.62150764] [41.90306042] [65.88137262] [101.05792572] [2.08197064] 
[0.73864834] [1.3138309] [1.92237637] [2.56821597] [3.21818601] [3.88811641] [4.56975046] [5.31888954] [6.17918247] [7.09540698] [8.066449] [9.17738558] [10.95555495] [13.38510841] [17.1054278] [21.31487416] [28.14043226] [39.8079074] [62.58730399] [96.00502943] [1.97787211] 
[0.70171592] [1.24813936] [1.82625755] [2.43980517] [3.05727671] [3.69371059] [4.34126294] [5.05294507] [5.87022335] [6.74063663] [7.66312655] [8.7185163] [10.4077772] [12.71585299] [16.25015641] [20.24913045] [26.73341064] [37.81751203] [59.45793879] [91.20477796] [1.8789785] 
[0.66663012] [1.18573239] [1.73494467] [2.31781491] [2.90441287] [3.50902506] [4.12419979] [4.80029781] [5.57671218] [6.4036048] [7.27997023] [8.28259049] [9.88738834] [12.08006034] [15.43764859] [19.23667393] [25.39674011] [35.92663642] [56.48504185] [86.64453906] [1.78502958] 
[0.63329862] [1.12644577] [1.64819744] [2.20192417] [2.75919223] [3.3335738] [3.9179898] [4.56028292] [5.29787657] [6.08342456] [6.91597171] [7.86846096] [9.39301893] [11.47605733] [14.66576616] [18.27484023] [24.1269031] [34.1303046] [53.66078976] [82.31231211] [1.6957781] 
[0.60163369] [1.07012348] [1.56578757] [2.09182796] [2.62123262] [3.16689511] [3.72209031] [4.33226878] [5.03298274] [5.77925333] [6.57017313] [7.47503792] [8.92336798] [10.90225446] [13.93247785] [17.36109822] [22.92055795] [32.42378937] [50.97775027] [78.1966965] [1.61098919] 
[0.571552] [1.01661731] [1.48749819] [1.98723656] [2.49017099] [3.00855036] [3.5359858] [4.11565534] [4.78133361] [5.49029067] [6.24166447] [7.10128602] [8.47719958] [10.35714174] [13.23585396] [16.49304331] [21.77453005] [30.8025999] [48.42886276] [74.28686168] [1.53043973] 
[0.5429744] [0.96578644] [1.41312328] [1.88787473] [2.36566244] [2.85812284] [3.35918651] [3.90987257] [4.54226693] [5.21577613] [5.92958125] [6.74622172] [8.0533396] [9.83928465] [12.57406126] [15.66839115] [20.68580355] [29.26246991] [46.00741962] [70.57251859] [1.45391775] 
[0.51582568] [0.91749712] [1.34246712] [1.793481] [2.24737932] [2.7152167] [3.19122718] [3.71437894] [4.31515358] [4.95498733] [5.63310219] [6.40891063] [7.65067262] [9.34732042] [11.9453582] [14.88497159] [19.65151337] [27.79934641] [43.70704864] [67.04389266] [1.38122186] 
[0.4900344] [0.87162226] [1.27534376] [1.70380695] [2.13501035] [2.57945586] [3.03166582] [3.52865999] [4.0993959] [4.70723796] [5.35144708] [6.0884651] [7.26813899] [8.8799544] [11.34809029] [14.14072301] [18.6689377] [26.40937909] [41.5216962] [63.69169803] [1.31216077] 
[0.46553268] [0.82804115] [1.21157657] [1.6186166] [2.02825983] [2.45048307] [2.88008253] [3.35222699] [3.89442611] [4.47187606] [5.08387472] [5.78404185] [6.90473204] [8.43595668] [10.78068578] [13.43368686] [17.73549082] [25.08891014] [39.44561139] [60.50711313] [1.24655273] 
[0.44225604] [0.78663909] [1.15099774] [1.53768577] [1.92684684] [2.32795892] [2.73607841] [3.18461564] [3.6997048] [4.24828226] [4.82968099] [5.49483975] [6.55949544] [8.01415884] [10.24165149] [12.76200252] [16.84871628] [23.83446463] [37.47333082] [57.48175747] [1.18422509] 
[0.42014324] [0.74730714] [1.09344786] [1.46080148] [1.8305045] [2.21156097] [2.59927449] [3.02538486] [3.51471956] [4.03586815] [4.58819694] [5.22009777] [6.23152067] [7.6134509] [9.72956891] [12.12390239] [16.00628046] [22.6427414] [35.59966428] [54.6076696] [1.12501384] 
[0.39913608] [0.70994178] [1.03877546] [1.38776141] [1.73897927] [2.10098292] [2.46931076] [2.87411562] [3.33898358] [3.83407474] [4.35878709] [4.95909288] [5.91994463] [7.23277836] [9.24309047] [11.51770727] [15.20596644] [21.51060433] [33.81968107] [51.87728612] [1.06876314] 
[0.37917928] [0.67444469] [0.98683669] [1.31837334] [1.65203031] [1.99593378] [2.34584522] [2.73040984] [3.1720344] [3.642371] [4.14084774] [4.71113823] [5.6239474] [6.87113944] [8.78093594] [10.94182191] [14.44566812] [20.43507411] [32.12869702] [49.28342181] [1.01532499] 
[0.36022031] [0.64072246] [0.93749486] [1.25245467] [1.56942879] [1.89613709] [2.22855296] [2.59388935] [3.01343268] [3.46025245] [3.93380535] [4.47558132] [5.34275003] [6.52758247] [8.34188915] [10.39473081] [13.72338471] [19.41332041] [30.52226217] [46.81925072] [0.96455874] 
[0.3422093] [0.60868634] [0.89062011] [1.18983194] [1.49095735] [1.80133023] [2.11712531] [2.46419488] [2.86276105] [3.28723983] [3.73711508] [4.25180226] [5.07561253] [6.20120334] [7.92479469] [9.87499427] [13.03721548] [18.44265439] [28.99614906] [44.47828819] [0.9163308] 
[0.32509883] [0.57825202] [0.84608911] [1.13034034] [1.41640949] [1.71126372] [2.01126905] [2.34098514] [2.719623] [3.12287784] [3.55025933] [4.03921214] [4.8218319] [5.89114318] [7.52855495] [9.38124456] [12.3853547] [17.52052167] [27.5463416] [42.25437378] [0.87051426] 
[0.30884389] [0.54933942] [0.80378465] [1.07382332] [1.34558901] [1.62570054] [1.9107056] [2.22393588] [2.58364185] [2.96673395] [3.37274636] [3.83725154] [4.58074031] [5.59658602] [7.15212721] [8.91218233] [11.76608697] [16.64449558] [26.16902452] [40.14165509] [0.82698855] 
[0.2934017] [0.52187245] [0.76359542] [1.02013216] [1.27830956] [1.54441551] [1.81517032] [2.11273908] [2.45445975] [2.81839725] [3.20410904] [3.64538896] [4.35170329] [5.31675672] [6.79452085] [8.46657321] [11.17778262] [15.81227081] [24.8605733] [38.13457233] [0.78563912] 
[0.27873161] [0.49577882] [0.72541565] [0.96912555] [1.21439408] [1.46719473] [1.7244118] [2.00710213] [2.33173677] [2.67747739] [3.04390359] [3.46311951] [4.13411813] [5.05091888] [6.4547948] [8.04324455] [10.61889349] [15.02165727] [23.61754463] [36.22784372] [0.74635716] 
[0.26479503] [0.47098988] [0.68914487] [0.92066927] [1.15367438] [1.393835] [1.63819121] [1.90674702] [2.21514993] [2.54360352] [2.89170841] [3.28996354] [3.92741222] [4.79837294] [6.13205506] [7.64108232] [10.08794881] [14.2705744] [22.4366674] [34.41645153] [0.70903931] 
[0.25155528] [0.44744039] [0.65468762] [0.87463581] [1.09599066] [1.32414325] [1.55628165] [1.81140967] [2.10439243] [2.41642334] [2.74712299] [3.12546536] [3.73104161] [4.55845429] [5.82545231] [7.25902821] [9.58355137] [13.55704568] [21.31483403] [32.69562895] [0.67358734] 
[0.23897752] [0.42506837] [0.62195324] [0.83090402] [1.04119113] [1.25793608] [1.47846757] [1.72083919] [1.99917281] [2.29560217] [2.60976684] [2.96919209] [3.54448953] [4.33053158] [5.53417969] [6.8960768] [9.1043738] [12.8791934] [20.24909233] [31.06084751] [0.63990797] 
[0.22702864] [0.40381495] [0.59085558] [0.78935882] [0.98913157] [1.19503928] [1.40454419] [1.63479723] [1.89921417] [2.18082207] [2.4792785] [2.82073249] [3.36726505] [4.114005] [5.25747071] [6.55127296] [8.64915511] [12.23523373] [19.23663771] [29.50780513] [0.60791258] 
[0.21567721] [0.3836242] [0.5613128] [0.74989088] [0.93967499] [1.13528732] [1.33431698] [1.55305737] [1.80425346] [2.07178096] [2.35531457] [2.67969586] [3.1989018] [3.90830475] [4.99459717] [6.22370931] [8.21669736] [11.62347204] [18.27480583] [28.03241487] [0.57751695] 
[0.20489335] [0.36444299] [0.53324716] [0.71239633] [0.89269124] [1.07852295] [1.26760113] [1.4754045] [1.71404079] [1.96819191] [2.23754885] [2.54571107] [3.03895671] [3.71288951] [4.74486732] [5.91252384] [7.80586249] [11.04229844] [17.36106554] [26.63079413] [0.5486411] 
[0.19464868] [0.34622084] [0.5065848] [0.67677651] [0.84805668] [1.0245968] [1.20422107] [1.40163427] [1.62833875] [1.86978232] [2.1256714] [2.41842552] [2.88700888] [3.52724503] [4.50762395] [5.61689765] [7.41556937] [10.49018352] [16.49301226] [25.29925442] [0.52120904] 
[0.18491625] [0.3289098] [0.48125556] [0.64293769] [0.80565385] [0.97336696] [1.14401002] [1.33155256] [1.54692181] [1.7762932] [2.01938783] [2.29750424] [2.74265843] [3.35088278] [4.28224275] [5.33605277] [7.0447909] [9.96567434] [15.66836165] [24.0342917] [0.49514859] 
[0.17567043] [0.31246431] [0.45719278] [0.6107908] [0.76537115] [0.92469861] [1.08680952] [1.26497493] [1.46957572] [1.68747854] [1.91841844] [2.18262903] [2.60552551] [3.18333864] [4.06813062] [5.06925013] [6.69255135] [9.46739062] [14.88494356] [22.83257712] [0.47039116] 
[0.16688691] [0.2968411] [0.43433315] [0.58025126] [0.7271026] [0.87846368] [1.03246904] [1.20172619] [1.39609693] [1.60310462] [1.82249752] [2.07349758] [2.47524923] [3.02417171] [3.86472408] [4.81578762] [6.35792379] [8.99402109] [14.14069639] [21.69094826] [0.4468716] 
[0.15854257] [0.28199904] [0.41261649] [0.5512387] [0.69074747] [0.8345405] [0.98084559] [1.14163988] [1.32629209] [1.52294938] [1.73137264] [1.9698227] [2.35148677] [2.87296313] [3.67148788] [4.57499824] [6.0400276] [8.54432004] [13.43366157] [20.60640085] [0.42452802] 
[0.15061544] [0.26789909] [0.39198566] [0.52367677] [0.65621009] [0.79281347] [0.93180331] [1.08455788] [1.25997748] [1.44680192] [1.64480401] [1.87133156] [2.23391243] [2.72931497] [3.48791349] [4.34624833] [5.73802622] [8.11710404] [12.76197849] [19.57608081] [0.40330162] 
[0.14308467] [0.25450413] [0.37238638] [0.49749293] [0.62339959] [0.7531728] [0.88521315] [1.03032999] [1.19697861] [1.37446182] [1.56256381] [1.77776498] [2.12221681] [2.59284922] [3.31351781] [4.12893591] [5.45112491] [7.71124883] [12.12387956] [18.59727677] [0.38313654] 
[0.13593043] [0.24177893] [0.35376706] [0.47261828] [0.59222961] [0.71551416] [0.84095249] [0.97881349] [1.13712968] [1.30573873] [1.48443562] [1.68887674] [2.01610597] [2.46320676] [3.14784192] [3.92248912] [5.17856866] [7.32568639] [11.51768559] [17.66741293] [0.36397971] 
[0.12913391] [0.22968998] [0.33607871] [0.44898737] [0.56261813] [0.67973845] [0.79890486] [0.92987281] [1.0802732] [1.24045179] [1.41021384] [1.6044329] [1.91530067] [2.34004642] [2.99044983] [3.72636466] [4.91964023] [6.95940207] [10.94180131] [16.78404228] [0.34578073] 
[0.12267722] [0.21820548] [0.31927477] [0.426538] [0.53448722] [0.64575153] [0.75895962] [0.88337917] [1.02625954] [1.1784292] [1.33970315] [1.52421125] [1.81953564] [2.2230441] [2.84092733] [3.54004643] [4.67365822] [6.61143197] [10.39471124] [15.94484017] [0.32849169] 
[0.11654335] [0.20729521] [0.30331103] [0.4052111] [0.50776286] [0.61346395] [0.72101164] [0.83921022] [0.97494656] [1.11950774] [1.27271799] [1.44800069] [1.72855886] [2.1118919] [2.69888097] [3.36304411] [4.43997531] [6.28086037] [9.87497568] [15.14759816] [0.31206711] 
[0.11071619] [0.19693045] [0.28814548] [0.38495054] [0.48237472] [0.58279076] [0.68496106] [0.7972497] [0.92619923] [1.06353236] [1.20908209] [1.37560066] [1.64213091] [2.0062973] [2.56393692] [3.1948919] [4.21797654] [5.96681735] [9.38122689] [14.39021825] [0.29646375] 
[0.10518038] [0.18708393] [0.27373821] [0.36570302] [0.45825598] [0.55365122] [0.65071301] [0.75738722] [0.87988927] [1.01035574] [1.14862799] [1.30682062] [1.56002437] [1.90598244] [2.43574007] [3.03514731] [4.00707771] [5.66847649] [8.91216555] [13.67070734] [0.28164056] 
[0.09992136] [0.17772973] [0.2600513] [0.34741787] [0.43534318] [0.52596866] [0.61817735] [0.71951786] [0.83589481] [0.95983795] [1.09119659] [1.24147959] [1.48202315] [1.81068331] [2.31395307] [2.88338994] [3.80672383] [5.38505266] [8.46655727] [12.98717197] [0.26755854] 
[0.09492529] [0.16884324] [0.24704873] [0.33004697] [0.41357602] [0.49967022] [0.58726849] [0.68354197] [0.79410007] [0.91184605] [1.03663676] [1.17940561] [1.40792199] [1.72014915] [2.19825542] [2.73922045] [3.61638764] [5.11580003] [8.04322941] [12.33781337] [0.25418061] 
[0.09017903] [0.16040108] [0.2346963] [0.31354462] [0.39289722] [0.47468671] [0.55790506] [0.64936487] [0.75439506] [0.86625375] [0.98480492] [1.12043533] [1.33752589] [1.63414169] [2.08834264] [2.60225942] [3.43556825] [4.86001003] [7.64106794] [11.7209227] [0.24147158] 
[0.08567007] [0.15238103] [0.22296148] [0.29786739] [0.37325236] [0.45095238] [0.53000981] [0.61689662] [0.71667531] [0.82294106] [0.93556467] [1.06441357] [1.2706496] [1.55243461] [1.98392551] [2.47214645] [3.26378984] [4.61700953] [7.25901454] [11.13487657] [0.229398] 
[0.08138657] [0.14476198] [0.21181341] [0.28297402] [0.35458974] [0.42840476] [0.50350932] [0.58605179] [0.68084154] [0.78179401] [0.88878644] [1.01119289] [1.20711712] [1.47481288] [1.88472924] [2.34853913] [3.10060035] [4.38615905] [6.89606381] [10.57813274] [0.2179281] 
[0.07731724] [0.13752388] [0.20122274] [0.26882532] [0.33686026] [0.40698452] [0.47833385] [0.5567492] [0.64679947] [0.74270431] [0.84434712] [0.96063324] [1.14676126] [1.40107223] [1.79049278] [2.23111217] [2.94557033] [4.1668511] [6.55126062] [10.0492261] [0.2070317] 
[0.07345138] [0.13064768] [0.1911616] [0.25538406] [0.32001724] [0.38663529] [0.45441716] [0.52891174] [0.61445949] [0.70556909] [0.80212976] [0.91260158] [1.0894232] [1.33101862] [1.70096814] [2.11955656] [2.79829182] [3.95850854] [6.22369759] [9.5467648] [0.19668011] 
[0.06977881] [0.1241153] [0.18160352] [0.24261485] [0.30401638] [0.36730353] [0.4316963] [0.50246616] [0.58373652] [0.67029064] [0.76202327] [0.8669715] [1.03495204] [1.26446769] [1.61591973] [2.01357874] [2.65837722] [3.76058311] [5.91251271] [9.06942656] [0.1868461] 
[0.06628987] [0.11790953] [0.17252334] [0.23048411] [0.28881556] [0.34893835] [0.41011149] [0.47734285] [0.55454969] [0.63677611] [0.72392211] [0.82362293] [0.98320444] [1.20124431] [1.53512374] [1.9128998] [2.52545836] [3.57255396] [5.61688708] [8.61595523] [0.1775038] 
[0.06297538] [0.11201406] [0.16389718] [0.2189599] [0.27437478] [0.33149144] [0.38960591] [0.45347571] [0.52682221] [0.6049373] [0.687726] [0.78244178] [0.93404422] [1.14118209] [1.45836756] [1.81725481] [2.39918545] [3.39392626] [5.33604272] [8.18515747] [0.16862861] 
[0.05982661] [0.10641335] [0.15570232] [0.20801191] [0.26065605] [0.31491686] [0.37012562] [0.43080192] [0.5004811] [0.57469044] [0.6533397] [0.74331969] [0.88734201] [1.08412299] [1.38544918] [1.72639207] [2.27922617] [3.22422995] [5.06924059] [7.7758996] [0.16019718] 
[0.05683528] [0.10109269] [0.1479172] [0.19761131] [0.24762324] [0.29917102] [0.35161934] [0.40926182] [0.47545704] [0.54595591] [0.62067272] [0.70615371] [0.8429749] [1.02991684] [1.31617672] [1.64007247] [2.16526486] [3.06301845] [4.81577856] [7.38710462] [0.15218732] 
[0.05399351] [0.09603805] [0.14052134] [0.18773075] [0.23524208] [0.28421247] [0.33403837] [0.38879873] [0.45168419] [0.51865812] [0.58963908] [0.67084602] [0.80082616] [0.97842099] [1.25036788] [1.55806884] [2.05700162] [2.90986753] [4.57498963] [7.01774939] [0.14457795] 
[0.05129384] [0.09123615] [0.13349528] [0.17834421] [0.22347998] [0.27000185] [0.31733645] [0.3693588] [0.42909998] [0.49272521] [0.56015713] [0.63730372] [0.76078485] [0.92949994] [1.18784949] [1.4801654] [1.95415154] [2.76437415] [4.34624015] [6.66686192] [0.13734906] 
[0.04872915] [0.08667434] [0.12682051] [0.169427] [0.21230598] [0.25650175] [0.30146963] [0.35089086] [0.40764498] [0.46808895] [0.53214927] [0.60543853] [0.72274561] [0.88302495] [1.12845701] [1.40615713] [1.85644396] [2.62615544] [4.12892814] [6.33351882] [0.1304816] 
[0.04629269] [0.08234062] [0.12047949] [0.16095565] [0.20169068] [0.24367667] [0.28639615] [0.33334631] [0.38726273] [0.4446845] [0.50554181] [0.57516661] [0.68660833] [0.8388737] [1.07203416] [1.33584927] [1.76362176] [2.49484767] [3.92248173] [6.01684288] [0.12395752] 
[0.04397805] [0.07822359] [0.11445551] [0.15290787] [0.19160614] [0.23149283] [0.27207634] [0.316679] [0.3678996] [0.42245028] [0.48026472] [0.54640828] [0.65227791] [0.79693001] [1.01843246] [1.26905681] [1.67544068] [2.37010529] [3.72635765] [5.71600074] [0.11775965] 
[0.04177915] [0.07431241] [0.10873274] [0.14526247] [0.18202584] [0.21991819] [0.25847252] [0.30084505] [0.34950462] [0.40132777] [0.45625148] [0.51908786] [0.61966402] [0.75708351] [0.96751083] [1.20560397] [1.59166864] [2.25160002] [3.54003977] [5.4302007] [0.11187166] 
[0.03969019] [0.07059679] [0.1032961] [0.13799935] [0.17292455] [0.20892228] [0.2455489] [0.2858028] [0.33202939] [0.38126138] [0.43343891] [0.49313347] [0.58868082] [0.71922934] [0.91913529] [1.14532377] [1.51208521] [2.13902002] [3.36303778] [5.15869066] [0.10627808] 
[0.03770568] [0.06706695] [0.09813129] [0.13109938] [0.16427832] [0.19847617] [0.23327145] [0.27151266] [0.31542792] [0.36219831] [0.41176696] [0.4684768] [0.55924677] [0.68326787] [0.87317853] [1.08805758] [1.43648095] [2.03206902] [3.19488589] [4.90075613] [0.10096418] 
[0.0358204] [0.06371361] [0.09322473] [0.12454441] [0.1560644] [0.18855236] [0.22160788] [0.25793702] [0.29965652] [0.34408839] [0.39117861] [0.44505296] [0.53128444] [0.64910448] [0.8295196] [1.0336547] [1.3646569] [1.93046557] [3.03514159] [4.65571832] [0.09591597] 
[0.03402938] [0.06052793] [0.08856349] [0.11831719] [0.14826118] [0.17912474] [0.21052749] [0.24504017] [0.28467369] [0.32688397] [0.37161968] [0.42280031] [0.50472021] [0.61664925] [0.78804362] [0.98197197] [1.29642406] [1.83394229] [2.88338451] [4.42293241] [0.09112017] 
[0.03232791] [0.05750153] [0.08413532] [0.11240133] [0.14084812] [0.1701685] [0.20000111] [0.23278816] [0.27044001] [0.31053977] [0.3530387] [0.40166029] [0.4794842] [0.58581679] [0.74864144] [0.93287337] [1.23160285] [1.74224518] [2.73921529] [4.20178579] [0.08656416] 
[0.30460125] [0.51846139] [0.72108841] [0.93367143] [1.08938083] [1.31484139] [1.51021279] [1.73114169] [1.94147536] [2.23521397] [2.60970342] [3.03949231] [3.47134797] [4.29535127] [4.90754832] [5.56279254] [7.70268138] [10.9647742] [17.58263685] [23.49510191] [0.49572254] 
[0.28937118] [0.49253832] [0.68503399] [0.88698786] [1.03491178] [1.24909932] [1.43470215] [1.64458461] [1.84440159] [2.12345327] [2.47921825] [2.8875177] [3.29778057] [4.08058371] [4.6621709] [5.28465292] [7.31754731] [10.41653549] [16.70350501] [22.32034682] [0.47093642] 
[0.27490262] [0.4679114] [0.65078229] [0.84263847] [0.98316619] [1.18664436] [1.36296704] [1.56235538] [1.75218151] [2.01728061] [2.35525734] [2.74314181] [3.13289155] [3.87655452] [4.42906236] [5.02042027] [6.95166994] [9.89570871] [15.86832976] [21.20432947] [0.4473896] 
[0.26115749] [0.44451583] [0.61824317] [0.80050655] [0.93400788] [1.12731214] [1.29481869] [1.48423761] [1.66457244] [1.91641658] [2.23749447] [2.60598472] [2.97624697] [3.6827268] [4.20760924] [4.76939926] [6.60408644] [9.40092328] [15.07491327] [20.144113] [0.42502012] 
[0.24809962] [0.42229004] [0.58733101] [0.76048122] [0.88730749] [1.07094653] [1.23007775] [1.41002573] [1.58134381] [1.82059575] [2.12561975] [2.47568549] [2.82743462] [3.49859046] [3.99722878] [4.53092929] [6.27388212] [8.93087711] [14.32116761] [19.13690735] [0.40376911] 
[0.23569464] [0.40117554] [0.55796446] [0.72245716] [0.84294212] [1.01739921] [1.16857387] [1.33952444] [1.50227662] [1.72956596] [2.01933876] [2.35190121] [2.68606289] [3.32366093] [3.79736734] [4.30438283] [5.96018802] [8.48433326] [13.60510923] [18.18006198] [0.38358066] 
[0.22390991] [0.38111676] [0.53006624] [0.6863343] [0.80079501] [0.96652925] [1.11014517] [1.27254822] [1.42716279] [1.64308766] [1.91837182] [2.23430615] [2.55175974] [3.15747789] [3.60749897] [4.08916369] [5.66217862] [8.0601166] [12.92485377] [17.27105888] [0.36440162] 
[0.21271441] [0.36206092] [0.50356293] [0.65201758] [0.76075526] [0.91820278] [1.05463791] [1.20892081] [1.35580465] [1.56093328] [1.82245323] [2.12259084] [2.42417176] [2.99960399] [3.42712402] [3.8847055] [5.37906968] [7.65711077] [12.27861108] [16.40750594] [0.34618154] 
[0.20207869] [0.34395788] [0.47838478] [0.61941671] [0.7227175] [0.87229265] [1.00190602] [1.14847477] [1.28801442] [1.48288662] [1.73133057] [2.0164613] [2.30296317] [2.84962379] [3.25576782] [3.69047023] [5.1101162] [7.27425523] [11.66468052] [15.58713064] [0.32887246] 
[0.19197476] [0.32675998] [0.45446554] [0.58844587] [0.68658162] [0.82867801] [0.95181072] [1.09105103] [1.2236137] [1.40874229] [1.64476404] [1.91563824] [2.18781501] [2.7071426] [3.09297943] [3.50594672] [4.85461039] [6.91054247] [11.0814465] [14.80777411] [0.31242884] 
[0.18237602] [0.31042198] [0.43174227] [0.55902358] [0.65225254] [0.78724411] [0.90422018] [1.03649848] [1.16243301] [1.33830517] [1.56252584] [1.81985633] [2.07842426] [2.57178547] [2.93833046] [3.33064938] [4.61187987] [6.56501534] [10.52737417] [14.06738541] [0.2968074] 
[0.17325722] [0.29490088] [0.41015515] [0.5310724] [0.61963991] [0.74788191] [0.85900917] [0.98467355] [1.10431136] [1.27138991] [1.48439955] [1.72886351] [1.97450305] [2.4431962] [2.79141394] [3.16411691] [4.38128588] [6.23676458] [10.00100547] [13.36401613] [0.28196703] 
[0.16459436] [0.28015584] [0.3896474] [0.50451878] [0.58865792] [0.71048781] [0.81605871] [0.93543988] [1.0490958] [1.20782042] [1.41017957] [1.64242033] [1.87577789] [2.32103639] [2.65184324] [3.00591107] [4.16222158] [5.92492635] [9.50095519] [12.69581533] [0.26786868] 
[0.15636464] [0.26614805] [0.37016503] [0.47929284] [0.55922502] [0.67496342] [0.77525578] [0.88866788] [0.99664101] [1.1474294] [1.33967059] [1.56029932] [1.781989] [2.20498457] [2.51925108] [2.85561551] [3.9541105] [5.62868003] [9.02590743] [12.06102456] [0.25447524] 
[0.14854641] [0.25284065] [0.35165677] [0.4553282] [0.53126377] [0.64121525] [0.73649299] [0.84423449] [0.94680896] [1.09005793] [1.27268706] [1.48228435] [1.69288955] [2.09473534] [2.39328852] [2.71283474] [3.75640498] [5.34724603] [8.57461206] [11.45797333] [0.24175148] 
[0.14111909] [0.24019861] [0.33407394] [0.43256179] [0.50470058] [0.60915449] [0.69966834] [0.80202276] [0.89946851] [1.03555503] [1.20905271] [1.40817013] [1.60824507] [1.98999857] [2.2736241] [2.577193] [3.56858473] [5.07988373] [8.14588146] [10.88507467] [0.22966391] 
[0.13406313] [0.22818868] [0.31737024] [0.4109337] [0.47946555] [0.57869676] [0.66468492] [0.76192163] [0.85449508] [0.98377728] [1.14860007] [1.33776163] [1.52783282] [1.89049865] [2.15994289] [2.44833335] [3.39015549] [4.82588954] [7.73858738] [10.34082093] [0.21818071] 
[0.12735997] [0.21677925] [0.30150173] [0.39038701] [0.45549228] [0.54976192] [0.63145068] [0.72382554] [0.81177033] [0.93458841] [1.09117007] [1.27087355] [1.45144118] [1.79597371] [2.05194575] [2.32591668] [3.22064772] [4.58459506] [7.35165802] [9.82377989] [0.20727168] 
[0.12099198] [0.20594029] [0.28642664] [0.37086766] [0.43271766] [0.52227383] [0.59987814] [0.68763427] [0.77118181] [0.88785899] [1.03661157] [1.20732987] [1.37886912] [1.70617503] [1.94934846] [2.20962085] [3.05961533] [4.35536531] [6.98407511] [9.33259089] [0.19690809] 
[0.11494238] [0.19564327] [0.27210531] [0.35232428] [0.41108178] [0.49616014] [0.56988424] [0.65325255] [0.73262272] [0.84346604] [0.98478099] [1.14696337] [1.30992566] [1.62086628] [1.85188104] [2.09913981] [2.90663457] [4.13759704] [6.63487136] [8.86596135] [0.18706269] 
[0.10919526] [0.18586111] [0.25850004] [0.33470807] [0.39052769] [0.47135213] [0.54139002] [0.62058993] [0.69599158] [0.80129274] [0.93554194] [1.08961521] [1.24442938] [1.53982296] [1.75928699] [1.99418282] [2.76130284] [3.93071719] [6.30312779] [8.42266328] [0.17770955] 
[0.1037355] [0.17656805] [0.24557504] [0.31797266] [0.37100131] [0.44778452] [0.51432052] [0.58956043] [0.66119201] [0.7612281] [0.88876484] [1.03513445] [1.18220791] [1.46283181] [1.67132264] [1.89447368] [2.6232377] [3.73418133] [5.9879714] [8.00153012] [0.16882408] 
[0.09854872] [0.16773965] [0.23329629] [0.30207403] [0.35245124] [0.4253953] [0.4886045] [0.56008241] [0.62813241] [0.7231667] [0.8443266] [0.98337772] [1.12309752] [1.38969022] [1.58775651] [1.79974999] [2.49207581] [3.54747227] [5.68857283] [7.60145361] [0.16038287] 
[0.09362128] [0.15935267] [0.22163147] [0.28697033] [0.33482868] [0.40412553] [0.46417427] [0.53207829] [0.59672579] [0.68700836] [0.80211027] [0.93420884] [1.06694264] [1.32020571] [1.50836868] [1.70976249] [2.36747202] [3.37009865] [5.40414419] [7.22138093] [0.15236373] 
[0.08894022] [0.15138503] [0.2105499] [0.27262181] [0.31808724] [0.38391926] [0.44096556] [0.50547437] [0.5668895] [0.65265795] [0.76200476] [0.8874984] [1.01359551] [1.25419543] [1.43295025] [1.62427437] [2.24909842] [3.20159372] [5.13393698] [6.86031188] [0.14474554] 
[0.08449321] [0.14381578] [0.20002241] [0.25899072] [0.30218288] [0.36472329] [0.41891728] [0.48020065] [0.53854502] [0.62002505] [0.72390452] [0.84312348] [0.96291573] [1.19148566] [1.36130273] [1.54306065] [2.1366435] [3.04151403] [4.87724013] [6.51729629] [0.13750827] 
[0.08026855] [0.13662499] [0.19002129] [0.24604118] [0.28707374] [0.34648713] [0.39797142] [0.45619062] [0.51161777] [0.5890238] [0.68770929] [0.8009673] [0.91476995] [1.13191137] [1.2932376] [1.46590762] [2.02981132] [2.88943833] [4.63337812] [6.19143148] [0.13063285] 
[0.07625512] [0.12979374] [0.18052022] [0.23373913] [0.27272005] [0.32916277] [0.37807285] [0.43338109] [0.48603688] [0.55957261] [0.65332383] [0.76091894] [0.86903145] [1.0753158] [1.22857572] [1.39261224] [1.92832076] [2.74496642] [4.40170922] [5.8818599] [0.12410121] 
[0.07244237] [0.12330406] [0.17149421] [0.22205217] [0.25908405] [0.31270463] [0.3591692] [0.41171204] [0.46173504] [0.53159398] [0.62065764] [0.72287299] [0.82557988] [1.02155001] [1.16714693] [1.32298162] [1.83190472] [2.6077181] [4.18162376] [5.58776691] [0.11789615] 
[0.06882025] [0.11713885] [0.1629195] [0.21094956] [0.24612985] [0.2970694] [0.34121074] [0.39112643] [0.43864829] [0.50501428] [0.58962475] [0.68672934] [0.78430088] [0.97047251] [1.10878958] [1.25683254] [1.74030948] [2.47733219] [3.97254257] [5.30837856] [0.11200134] 
[0.06537923] [0.11128191] [0.15477352] [0.20040208] [0.23382335] [0.28221593] [0.32415021] [0.37157011] [0.41671587] [0.47976356] [0.56014352] [0.65239287] [0.74508584] [0.92194889] [1.05335011] [1.19399092] [1.65329401] [2.35346558] [3.77391544] [5.04295963] [0.10640127] 
[0.06211027] [0.10571782] [0.14703485] [0.19038198] [0.22213219] [0.26810514] [0.3079427] [0.35299161] [0.39588008] [0.45577539] [0.53213634] [0.61977323] [0.70783155] [0.87585144] [1.0006826] [1.13429137] [1.57062931] [2.2357923] [3.58521967] [4.79081165] [0.10108121] 
[0.05900476] [0.10043192] [0.13968311] [0.18086288] [0.21102558] [0.25469988] [0.29254556] [0.33534203] [0.37608607] [0.43298662] [0.50552952] [0.58878457] [0.67243997] [0.83205887] [0.95064847] [1.0775768] [1.49209784] [2.12400269] [3.40595869] [4.55127107] [0.09602715] 
[0.05605452] [0.09541033] [0.13269895] [0.17181974] [0.2004743] [0.24196488] [0.27791828] [0.31857493] [0.35728177] [0.41133729] [0.48025305] [0.55934534] [0.63881797] [0.79045593] [0.90311605] [1.02369796] [1.41749295] [2.01780255] [3.23566075] [4.32370752] [0.09122579] 
[0.0532518] [0.09063981] [0.126064] [0.16322875] [0.19045058] [0.22986664] [0.26402237] [0.30264618] [0.33941768] [0.39077042] [0.4562404] [0.53137807] [0.60687707] [0.75093313] [0.85796024] [0.97251306] [1.3466183] [1.91691242] [3.07387771] [4.10752214] [0.0866645] 
[0.05058921] [0.08610782] [0.1197608] [0.15506731] [0.18092805] [0.21837331] [0.25082125] [0.28751387] [0.3224468] [0.3712319] [0.43342838] [0.50480917] [0.57653322] [0.71338647] [0.81506223] [0.92388741] [1.27928739] [1.8210668] [2.92018383] [3.90214603] [0.08233128] 
[0.04805975] [0.08180243] [0.11377276] [0.14731395] [0.17188165] [0.20745464] [0.23828019] [0.27313818] [0.30632446] [0.35267031] [0.41175696] [0.47956871] [0.54770656] [0.67771715] [0.77430912] [0.87769304] [1.21532302] [1.73001346] [2.77417464] [3.70703873] [0.07821471] 
[0.04565676] [0.07771231] [0.10808412] [0.13994825] [0.16328757] [0.19708191] [0.22636618] [0.25948127] [0.29100823] [0.33503679] [0.39116911] [0.45559028] [0.52032123] [0.64383129] [0.73559366] [0.83380839] [1.15455687] [1.64351279] [2.6354659] [3.52168679] [0.07430398] 
[0.04337392] [0.07382669] [0.10267992] [0.13295084] [0.15512319] [0.18722782] [0.21504787] [0.2465072] [0.27645782] [0.31828495] [0.37161065] [0.43281076] [0.49430517] [0.61163973] [0.69881398] [0.79211797] [1.09682902] [1.56133715] [2.50369261] [3.34560245] [0.07058878] 
[0.04120522] [0.07013536] [0.09754592] [0.12630329] [0.14736703] [0.17786642] [0.20429548] [0.23418184] [0.26263493] [0.3023707] [0.35303012] [0.41117022] [0.46958991] [0.58105774] [0.66387328] [0.75251207] [1.04198757] [1.48327029] [2.37850798] [3.17832233] [0.06705934] 
[0.03914496] [0.06662859] [0.09266863] [0.11998813] [0.13999868] [0.1689731] [0.1940807] [0.22247275] [0.24950319] [0.28725217] [0.33537861] [0.39061171] [0.44611041] [0.55200486] [0.63067962] [0.71488647] [0.98988819] [1.40910678] [2.25958258] [3.01940622] [0.06370637] 
[0.03718771] [0.06329716] [0.0880352] [0.11398872] [0.13299875] [0.16052445] [0.18437667] [0.21134911] [0.23702803] [0.27288956] [0.31860968] [0.37108113] [0.42380489] [0.52440461] [0.59914564] [0.67914214] [0.94039379] [1.33865144] [2.14660345] [2.8684359] [0.06052105] 
[0.03532833] [0.0601323] [0.08363344] [0.10828929] [0.12634881] [0.15249823] [0.17515783] [0.20078166] [0.22517662] [0.25924508] [0.3026792] [0.35252707] [0.40261465] [0.49818438] [0.56918836] [0.64518504] [0.8933741] [1.27171887] [2.03927328] [2.72501411] [0.057495] 
[0.03356191] [0.05712569] [0.07945176] [0.10287482] [0.12003137] [0.14487331] [0.16639994] [0.19074258] [0.21391779] [0.24628283] [0.28754524] [0.33490072] [0.38248392] [0.47327516] [0.54072894] [0.61292578] [0.84870539] [1.20813292] [1.93730961] [2.5887634] [0.05462025] 
[0.03188382] [0.0542694] [0.07547918] [0.09773108] [0.1140298] [0.13762965] [0.15807994] [0.18120545] [0.2032219] [0.23396869] [0.27316798] [0.31815568] [0.36335972] [0.4496114] [0.51369249] [0.58227949] [0.80627012] [1.14772628] [1.84044413] [2.45932523] [0.05188924] 
[0.03028963] [0.05155593] [0.07170522] [0.09284453] [0.10832831] [0.13074817] [0.15017595] [0.17214517] [0.19306081] [0.22227025] [0.25950958] [0.3022479] [0.34519173] [0.42713083] [0.48800787] [0.55316552] [0.76595662] [1.09033996] [1.74842193] [2.33635897] [0.04929478] 
[0.02877514] [0.04897814] [0.06811996] [0.0882023] [0.10291189] [0.12421076] [0.14266715] [0.16353792] [0.18340777] [0.21115674] [0.2465341] [0.2871355] [0.32793215] [0.40577429] [0.46360747] [0.52550724] [0.72765878] [1.03582297] [1.66100083] [2.21954102] [0.04683004] 
[0.02733639] [0.04652923] [0.06471396] [0.08379219] [0.0977663] [0.11800022] [0.13553379] [0.15536102] [0.17423738] [0.2005989] [0.23420739] [0.27277873] [0.31153554] [0.38548558] [0.4404271] [0.49923188] [0.69127585] [0.98403182] [1.57795079] [2.10856397] [0.04448854] 
[0.02596957] [0.04420277] [0.06147826] [0.07960258] [0.09287798] [0.11210021] [0.1287571] [0.14759297] [0.16552551] [0.19056896] [0.22249703] [0.25913979] [0.29595876] [0.3662113] [0.41840574] [0.47427029] [0.65671205] [0.93483023] [1.49905325] [2.00313577] [0.04226411] 
[0.02467109] [0.04199263] [0.05840435] [0.07562245] [0.08823408] [0.1064952] [0.12231925] [0.14021332] [0.15724924] [0.18104051] [0.21137217] [0.2461828] [0.28116083] [0.34790073] [0.39748546] [0.45055677] [0.62387645] [0.88808872] [1.42410059] [1.90297898] [0.0401509] 
[0.02343754] [0.039893] [0.05548413] [0.07184133] [0.08382238] [0.10117044] [0.11620329] [0.13320265] [0.14938677] [0.17198848] [0.20080357] [0.23387366] [0.26710278] [0.3305057] [0.37761118] [0.42802893] [0.59268263] [0.84368428] [1.35289556] [1.80783004] [0.03814336] 
[0.02226566] [0.03789835] [0.05270992] [0.06824926] [0.07963126] [0.09611192] [0.11039312] [0.12654252] [0.14191743] [0.16338906] [0.19076339] [0.22217998] [0.25374764] [0.31398041] [0.35873062] [0.40662749] [0.5630485] [0.80150007] [1.28525078] [1.71743853] [0.03623619] 
[0.02115238] [0.03600343] [0.05007443] [0.0648368] [0.0756497] [0.09130632] [0.10487347] [0.1202154] [0.13482156] [0.15521961] [0.18122522] [0.21107098] [0.24106026] [0.29828139] [0.34079409] [0.38629611] [0.53489607] [0.76142506] [1.22098824] [1.63156661] [0.03442438] 
[0.02009476] [0.03420326] [0.04757071] [0.06159496] [0.07186721] [0.086741] [0.09962979] [0.11420463] [0.12808048] [0.14745863] [0.17216396] [0.20051743] [0.22900725] [0.28336732] [0.32375439] [0.36698131] [0.50815127] [0.72335381] [1.15993883] [1.54998828] [0.03270316] 
[0.01909002] [0.0324931] [0.04519217] [0.05851521] [0.06827385] [0.08240395] [0.0946483] [0.10849439] [0.12167646] [0.14008569] [0.16355576] [0.19049156] [0.21755689] [0.26919896] [0.30756667] [0.34863224] [0.4827437] [0.68718612] [1.10194189] [1.47248886] [0.031068] 
[0.01813552] [0.03086844] [0.04293256] [0.05558945] [0.06486016] [0.07828376] [0.08991589] [0.10306967] [0.11559264] [0.13308141] [0.15537797] [0.18096698] [0.20667904] [0.25573901] [0.29218834] [0.33120063] [0.45860652] [0.65282681] [1.04684479] [1.39886442] [0.0295146] 
[0.01722874] [0.02932502] [0.04078593] [0.05280998] [0.06161715] [0.07436957] [0.08542009] [0.09791619] [0.10981301] [0.12642734] [0.14760907] [0.17191863] [0.19634509] [0.24295206] [0.27757892] [0.3146406] [0.43567619] [0.62018547] [0.99450255] [1.3289212] [0.02803887] 
[0.01636731] [0.02785877] [0.03874664] [0.05016948] [0.05853629] [0.07065109] [0.08114909] [0.09302038] [0.10432236] [0.12010597] [0.14022862] [0.1633227] [0.18652784] [0.23080446] [0.26369997] [0.29890857] [0.41389238] [0.5891762] [0.94477743] [1.26247514] [0.02663693] 
[0.01554894] [0.02646583] [0.03680931] [0.047661] [0.05560948] [0.06711854] [0.07709163] [0.08836936] [0.09910624] [0.11410067] [0.13321719] [0.15515657] [0.17720144] [0.21926423] [0.25051497] [0.28396314] [0.39319776] [0.55971739] [0.89753855] [1.19935138] [0.02530508] 
[0.01477149] [0.02514254] [0.03496884] [0.04527795] [0.05282901] [0.06376261] [0.07323705] [0.08395089] [0.09415093] [0.10839564] [0.12655633] [0.14739874] [0.16834137] [0.20830102] [0.23798923] [0.26976498] [0.37353788] [0.53173152] [0.85266163] [1.13938381] [0.02403983] 
[0.01403292] [0.02388541] [0.0332204] [0.04301406] [0.05018756] [0.06057448] [0.0695752] [0.07975335] [0.08944338] [0.10297586] [0.12022851] [0.1400288] [0.1599243] [0.19788597] [0.22608976] [0.25627673] [0.35486098] [0.50514494] [0.81002855] [1.08241462] [0.02283784] 
[0.01333127] [0.02269114] [0.03155938] [0.04086335] [0.04767818] [0.05754575] [0.06609644] [0.07576568] [0.08497121] [0.09782707] [0.11421709] [0.13302736] [0.15192809] [0.18799167] [0.21478528] [0.2434629] [0.33711793] [0.4798877] [0.76952712] [1.02829389] [0.02169595] 
[0.01266471] [0.02155658] [0.02998141] [0.03882018] [0.04529427] [0.05466847] [0.06279162] [0.0719774] [0.08072265] [0.09293571] [0.10850623] [0.12637599] [0.14433168] [0.17859209] [0.20404601] [0.23128975] [0.32026204] [0.45589331] [0.73105076] [0.9768792] [0.02061115] 
[0.01203147] [0.02047875] [0.02848234] [0.03687918] [0.04302956] [0.05193504] [0.05965204] [0.06837853] [0.07668652] [0.08828893] [0.10308092] [0.12005719] [0.1371151] [0.16966248] [0.19384371] [0.21972527] [0.30424893] [0.43309865] [0.69449822] [0.92803524] [0.01958059] 
[0.0114299] [0.01945482] [0.02705822] [0.03503522] [0.04087808] [0.04933829] [0.05666943] [0.0649596] [0.07285219] [0.08387448] [0.09792687] [0.11405433] [0.13025934] [0.16117936] [0.18415153] [0.208739] [0.28903649] [0.41144371] [0.65977331] [0.88163347] [0.01860156] 
[0.0108584] [0.01848208] [0.02570531] [0.03328346] [0.03883417] [0.04687138] [0.05383596] [0.06171162] [0.06920958] [0.07968076] [0.09303053] [0.10835162] [0.12374638] [0.15312039] [0.17494395] [0.19830205] [0.27458466] [0.39087153] [0.62678465] [0.8375518] [0.01767148] 
[0.01031548] [0.01755797] [0.02442005] [0.03161928] [0.03689247] [0.04452781] [0.05114416] [0.05862604] [0.0657491] [0.07569672] [0.088379] [0.10293404] [0.11755906] [0.14546437] [0.16619675] [0.18838695] [0.26085543] [0.37132795] [0.59544541] [0.79567421] [0.01678791] 
[0.00979971] [0.01668007] [0.02319904] [0.03003832] [0.03504784] [0.04230142] [0.04858696] [0.05569474] [0.06246165] [0.07191188] [0.08396005] [0.09778733] [0.11168111] [0.13819115] [0.15788691] [0.1789676] [0.24781266] [0.35276155] [0.56567314] [0.7558905] [0.01594851] 
[0.00930972] [0.01584607] [0.02203909] [0.0285364] [0.03329545] [0.04018635] [0.04615761] [0.05291] [0.05933857] [0.06831629] [0.07976205] [0.09289797] [0.10609705] [0.1312816] [0.14999257] [0.17001922] [0.23542203] [0.33512348] [0.53738949] [0.71809598] [0.01515109] 
[0.00884424] [0.01505377] [0.02093714] [0.02710958] [0.03163068] [0.03817703] [0.04384973] [0.0502645] [0.05637164] [0.06490047] [0.07577395] [0.08825307] [0.1007922] [0.12471752] [0.14249294] [0.16151826] [0.22365092] [0.3183673] [0.51052001] [0.68219118] [0.01439353] 
[0.00840203] [0.01430108] [0.01989028] [0.0257541] [0.03004914] [0.03626818] [0.04165724] [0.04775128] [0.05355306] [0.06165545] [0.07198525] [0.08384042] [0.09575259] [0.11848164] [0.13536829] [0.15344235] [0.21246838] [0.30244894] [0.48499401] [0.64808162] [0.01367386] 
[0.00798193] [0.01358602] [0.01889577] [0.0244664] [0.02854669] [0.03445477] [0.03957438] [0.04536371] [0.0508754] [0.05857268] [0.06838599] [0.07964839] [0.09096496] [0.11255756] [0.12859988] [0.14577023] [0.20184496] [0.28732649] [0.46074431] [0.61567754] [0.01299016] 
[0.00758283] [0.01290672] [0.01795098] [0.02324308] [0.02711935] [0.03273203] [0.03759566] [0.04309553] [0.04833163] [0.05564404] [0.06496669] [0.07566597] [0.08641671] [0.10692968] [0.12216989] [0.13848172] [0.19175271] [0.27296017] [0.4377071] [0.58489366] [0.01234066] 
[0.00720369] [0.01226139] [0.01705343] [0.02208092] [0.02576338] [0.03109543] [0.03571588] [0.04094075] [0.04591505] [0.05286184] [0.06171835] [0.07188268] [0.08209588] [0.1015832] [0.11606139] [0.13155763] [0.18216508] [0.25931216] [0.41582174] [0.55564898] [0.01172362] 
[0.0068435] [0.01164832] [0.01620076] [0.02097688] [0.02447522] [0.02954066] [0.03393008] [0.03889371] [0.0436193] [0.05021875] [0.05863244] [0.06828854] [0.07799108] [0.09650404] [0.11025832] [0.12497975] [0.17305682] [0.24634655] [0.39503065] [0.52786653] [0.01113744] 
[0.00650133] [0.0110659] [0.01539072] [0.01992803] [0.02325145] [0.02806362] [0.03223358] [0.03694903] [0.04143833] [0.04770781] [0.05570082] [0.06487411] [0.07409153] [0.09167883] [0.10474541] [0.11873076] [0.16440398] [0.23402922] [0.37527912] [0.5014732] [0.01058057] 
[0.00617626] [0.01051261] [0.01462118] [0.01893163] [0.02208888] [0.02666044] [0.0306219] [0.03510158] [0.03936642] [0.04532242] [0.05291577] [0.06163041] [0.07038695] [0.08709489] [0.09950813] [0.11279423] [0.15618378] [0.22232776] [0.35651517] [0.47639954] [0.01005154] 
[0.00586745] [0.00998698] [0.01389012] [0.01798505] [0.02098444] [0.02532742] [0.02909081] [0.0333465] [0.0373981] [0.0430563] [0.05026999] [0.05854889] [0.0668676] [0.08274015] [0.09453273] [0.10715451] [0.14837459] [0.21121137] [0.33868941] [0.45257956] [0.00954896] 
[0.00557408] [0.00948763] [0.01319562] [0.0170858] [0.01993522] [0.02406105] [0.02763627] [0.03167917] [0.03552819] [0.04090349] [0.04775649] [0.05562144] [0.06352422] [0.07860314] [0.08980609] [0.10179679] [0.14095586] [0.2006508] [0.32175494] [0.42995059] [0.00907152] 
[0.00529537] [0.00901325] [0.01253584] [0.01623151] [0.01893845] [0.022858] [0.02625445] [0.03009521] [0.03375178] [0.03885831] [0.04536866] [0.05284037] [0.06034801] [0.07467298] [0.08531579] [0.09670695] [0.13390807] [0.19061826] [0.30566719] [0.40845306] [0.00861794] 
[0.0050306] [0.00856258] [0.01190905] [0.01541993] [0.01799153] [0.0217151] [0.02494173] [0.02859045] [0.03206419] [0.0369154] [0.04310023] [0.05019835] [0.05733061] [0.07093933] [0.08105] [0.0918716] [0.12721267] [0.18108735] [0.29038383] [0.3880304] [0.00818704] 
[0.00477907] [0.00813445] [0.01131359] [0.01464894] [0.01709196] [0.02062934] [0.02369464] [0.02716093] [0.03046098] [0.03506963] [0.04094522] [0.04768844] [0.05446408] [0.06739237] [0.0769975] [0.08727802] [0.12085203] [0.17203298] [0.27586464] [0.36862888] [0.00777769] 
[0.00454012] [0.00772773] [0.01074791] [0.01391649] [0.01623736] [0.01959788] [0.02250991] [0.02580288] [0.02893793] [0.03331614] [0.03889796] [0.04530401] [0.05174088] [0.06402275] [0.07314762] [0.08291412] [0.11480943] [0.16343133] [0.26207141] [0.35019744] [0.00738881] 
[0.00431311] [0.00734135] [0.01021052] [0.01322067] [0.01542549] [0.01861798] [0.02138442] [0.02451274] [0.02749104] [0.03165034] [0.03695306] [0.04303881] [0.04915383] [0.06082161] [0.06949024] [0.07876841] [0.10906896] [0.15525977] [0.24896784] [0.33268757] [0.00701937] 
[0.00409746] [0.00697428] [0.00969999] [0.01255963] [0.01465422] [0.01768708] [0.02031519] [0.0232871] [0.02611649] [0.03006782] [0.03510541] [0.04088687] [0.04669614] [0.05778053] [0.06601573] [0.07482999] [0.10361551] [0.14749678] [0.23651944] [0.31605319] [0.0066684] 
[0.00389259] [0.00662556] [0.00921499] [0.01193165] [0.0139215] [0.01680273] [0.01929943] [0.02212275] [0.02481066] [0.02856443] [0.03335014] [0.03884253] [0.04436133] [0.0548915] [0.06271494] [0.07108849] [0.09843474] [0.14012194] [0.22469347] [0.30025053] [0.00633498] 
[0.00369796] [0.00629429] [0.00875424] [0.01133507] [0.01322543] [0.01596259] [0.01833446] [0.02101661] [0.02357013] [0.02713621] [0.03168263] [0.0369004] [0.04214327] [0.05214693] [0.0595792] [0.06753407] [0.093513] [0.13311584] [0.2134588] [0.285238] [0.00601823] 
[0.00351306] [0.00597957] [0.00831653] [0.01076831] [0.01256416] [0.01516446] [0.01741774] [0.01996578] [0.02239162] [0.0257794] [0.0300985] [0.03505538] [0.0400361] [0.04953958] [0.05660024] [0.06415737] [0.08883735] [0.12646005] [0.20278586] [0.2709761] [0.00571732] 
[0.00333741] [0.00568059] [0.0079007] [0.0102299] [0.01193595] [0.01440624] [0.01654685] [0.01896749] [0.02127204] [0.02449043] [0.02859357] [0.03330261] [0.0380343] [0.0470626] [0.05377022] [0.0609495] [0.08439548] [0.12013705] [0.19264657] [0.2574273] [0.00543145] 
[0.00317053] [0.00539656] [0.00750567] [0.0097184] [0.01133915] [0.01368593] [0.01571951] [0.01801912] [0.02020844] [0.02326591] [0.02716389] [0.03163748] [0.03613258] [0.04470947] [0.05108171] [0.05790202] [0.08017571] [0.1141302] [0.18301424] [0.24455593] [0.00515988] 
[0.00301201] [0.00512674] [0.00713039] [0.00923248] [0.01077219] [0.01300163] [0.01493353] [0.01711816] [0.01919802] [0.02210261] [0.0258057] [0.03005561] [0.03432595] [0.042474] [0.04852763] [0.05500692] [0.07616692] [0.10842369] [0.17386353] [0.23232814] [0.00490189] 
[0.00286141] [0.0048704] [0.00677387] [0.00877086] [0.01023359] [0.01235155] [0.01418686] [0.01626225] [0.01823812] [0.02099748] [0.02451541] [0.02855283] [0.03260966] [0.0403503] [0.04610125] [0.05225658] [0.07235858] [0.1030025] [0.16517035] [0.22071173] [0.00465679] 
[0.00271834] [0.00462688] [0.00643517] [0.00833232] [0.00972191] [0.01173397] [0.01347752] [0.01544914] [0.01732621] [0.01994761] [0.02328964] [0.02712519] [0.03097917] [0.03833278] [0.04379618] [0.04964375] [0.06874065] [0.09785238] [0.15691183] [0.20967614] [0.00442395] 
[0.00258242] [0.00439553] [0.00611341] [0.0079157] [0.00923581] [0.01114727] [0.01280364] [0.01467668] [0.0164599] [0.01895023] [0.02212516] [0.02576893] [0.02943022] [0.03641615] [0.04160637] [0.04716156] [0.06530362] [0.09295976] [0.14906624] [0.19919234] [0.00420275] 
[0.0024533] [0.00417576] [0.00580774] [0.00751992] [0.00877402] [0.01058991] [0.01216346] [0.01394285] [0.0156369] [0.01800271] [0.0210189] [0.02448048] [0.0279587] [0.03459534] [0.03952606] [0.04480348] [0.06203843] [0.08831177] [0.14161293] [0.18923272] [0.00399262] 
[0.00233063] [0.00396697] [0.00551736] [0.00714392] [0.00833532] [0.01006041] [0.01155528] [0.01324571] [0.01485506] [0.01710258] [0.01996796] [0.02325646] [0.02656077] [0.03286557] [0.03754975] [0.04256331] [0.05893651] [0.08389618] [0.13453228] [0.17977108] [0.00379299] 
[0.0022141] [0.00376862] [0.00524149] [0.00678672] [0.00791855] [0.00955739] [0.01097752] [0.01258342] [0.01411231] [0.01624745] [0.01896956] [0.02209363] [0.02523273] [0.03122229] [0.03567227] [0.04043514] [0.05598969] [0.07970137] [0.12780567] [0.17078253] [0.00360334] 
[0.0021034] [0.00358019] [0.00497941] [0.00644739] [0.00752263] [0.00907952] [0.01042864] [0.01195425] [0.01340669] [0.01543508] [0.01802108] [0.02098895] [0.02397109] [0.02966118] [0.03388865] [0.03841338] [0.0531902] [0.0757163] [0.12141538] [0.1622434] [0.00342317] 
[0.00199823] [0.00340118] [0.00473044] [0.00612502] [0.00714649] [0.00862555] [0.00990721] [0.01135654] [0.01273636] [0.01466332] [0.01712003] [0.0199395] [0.02277254] [0.02817812] [0.03219422] [0.03649272] [0.05053069] [0.07193049] [0.11534462] [0.15413123] [0.00325201] 
[0.00189832] [0.00323112] [0.00449392] [0.00581877] [0.00678917] [0.00819427] [0.00941185] [0.01078871] [0.01209954] [0.01393016] [0.01626403] [0.01894253] [0.02163391] [0.02676921] [0.03058451] [0.03466808] [0.04800416] [0.06833396] [0.10957738] [0.14642467] [0.00308941] 
[0.16731228] [0.25937458] [0.37389112] [0.53520282] [0.75233621] [0.94091091] [1.16287482] [1.3378389] [1.48166649] [1.66351962] [1.90373696] [2.2020556] [2.49970942] [3.08099709] [4.31090413] [4.97214683] [7.72104862] [9.28892157] [15.5643252] [23.88044794] [0.54259946] 
[0.15894667] [0.24640585] [0.35519657] [0.50844268] [0.7147194] [0.89386536] [1.10473108] [1.27094696] [1.40758317] [1.58034364] [1.80855012] [2.09195282] [2.37472395] [2.92694723] [4.09535893] [4.72353949] [7.33499619] [8.82447549] [14.78610894] [22.68642554] [0.51546949] 
[0.15099934] [0.23408556] [0.33743674] [0.48302054] [0.67898343] [0.84917209] [1.04949453] [1.20739961] [1.33720401] [1.50132645] [1.71812261] [1.98735518] [2.25598775] [2.78059987] [3.89059098] [4.48736251] [6.96824638] [8.38325172] [14.04680349] [21.55210427] [0.48969602] 
[0.14344937] [0.22238128] [0.3205649] [0.45886952] [0.64503426] [0.80671349] [0.9970198] [1.14702963] [1.27034381] [1.42626013] [1.63221648] [1.88798742] [2.14318836] [2.64156988] [3.69606143] [4.26299439] [6.61983406] [7.96408913] [13.34446332] [20.47449905] [0.46521121] 
[0.1362769] [0.21126221] [0.30453666] [0.43592604] [0.61278254] [0.76637781] [0.94716881] [1.08967815] [1.20682662] [1.35494713] [1.55060566] [1.79358805] [2.03602894] [2.50949138] [3.51125836] [4.04984467] [6.28884236] [7.56588468] [12.67724015] [19.4507741] [0.44195065] 
[0.12946306] [0.2006991] [0.28930982] [0.41412974] [0.58214342] [0.72805892] [0.89981037] [1.03519424] [1.14648529] [1.28719977] [1.47307537] [1.70390865] [1.9342275] [2.38401681] [3.33569544] [3.84735243] [5.97440024] [7.18759044] [12.04337814] [18.4782354] [0.41985312] 
[0.1229899] [0.19066415] [0.27484433] [0.39342325] [0.55303625] [0.69165598] [0.85481985] [0.98343453] [1.08916102] [1.22283978] [1.3994216] [1.61871322] [1.83751612] [2.26481597] [3.16891067] [3.65498481] [5.67568023] [6.82821092] [11.44120924] [17.55432363] [0.39886046] 
[0.11684041] [0.18113094] [0.26110212] [0.37375209] [0.52538443] [0.65707318] [0.81207886] [0.9342628] [1.03470297] [1.16169779] [1.32945052] [1.53777756] [1.74564032] [2.15157517] [3.01046514] [3.47223557] [5.39189622] [6.48680037] [10.86914877] [16.67660745] [0.37891744] 
[0.11099839] [0.17207439] [0.24804701] [0.35506448] [0.49911521] [0.62421952] [0.77147492] [0.88754966] [0.98296782] [1.1036129] [1.262978] [1.46088868] [1.6583583] [2.04399642] [2.85994188] [3.29862379] [5.12230141] [6.16246036] [10.32569134] [15.84277707] [0.35997157] 
[0.10544847] [0.16347067] [0.23564466] [0.33731126] [0.47415945] [0.59300854] [0.73290117] [0.84317218] [0.93381943] [1.04843226] [1.1998291] [1.38784424] [1.57544038] [1.9417966] [2.71694479] [3.1336926] [4.86618634] [5.85433734] [9.80940677] [15.05063822] [0.34197299] 
[0.10017604] [0.15529714] [0.22386243] [0.3204457] [0.45045148] [0.56335812] [0.69625611] [0.80101357] [0.88712846] [0.99601064] [1.13983764] [1.31845203] [1.49666837] [1.84470677] [2.58109755] [2.97700797] [4.62287702] [5.56162047] [9.31893643] [14.29810631] [0.32487434] 
[0.09516724] [0.14753228] [0.21266931] [0.30442341] [0.4279289] [0.53519021] [0.66144331] [0.76096289] [0.84277204] [0.94621011] [1.08284576] [1.25252943] [1.42183495] [1.75247143] [2.45204267] [2.82815757] [4.39173317] [5.28353945] [8.85298961] [13.58320099] [0.30863062] 
[0.09040888] [0.14015567] [0.20203584] [0.28920224] [0.40653246] [0.5084307] [0.62837114] [0.72291475] [0.80063344] [0.89889961] [1.02870347] [1.18990296] [1.3507432] [1.66484786] [2.32944054] [2.6867497] [4.17214651] [5.01936247] [8.41034013] [12.90404094] [0.29319909] 
[0.08588844] [0.13314789] [0.19193405] [0.27474213] [0.38620584] [0.48300916] [0.59695258] [0.68676901] [0.76060176] [0.85395463] [0.9772683] [1.13040781] [1.28320604] [1.58160546] [2.21296851] [2.55241221] [3.96353918] [4.76839435] [7.98982312] [12.2588389] [0.27853914] 
[0.08159401] [0.12649049] [0.18233735] [0.26100502] [0.36689554] [0.45885871] [0.56710496] [0.65243056] [0.72257168] [0.81125689] [0.92840488] [1.07388742] [1.21904574] [1.50252519] [2.10232008] [2.4247916] [3.76536223] [4.52997463] [7.59033197] [11.64589695] [0.26461218] 
[0.07751431] [0.12016597] [0.17322048] [0.24795477] [0.34855077] [0.43591577] [0.53874971] [0.61980903] [0.68644309] [0.77069405] [0.88198464] [1.02019305] [1.15809345] [1.42739893] [1.99720408] [2.30355202] [3.57709411] [4.3034759] [7.21081537] [11.0636021] [0.25138157] 
[0.0736386] [0.11415767] [0.16455945] [0.23555703] [0.33112323] [0.41411998] [0.51181222] [0.58881858] [0.65212094] [0.73215935] [0.83788541] [0.9691834] [1.10018878] [1.35602898] [1.89734388] [2.18837442] [3.39823941] [4.08830211] [6.8502746] [10.510422] [0.23881249] 
[0.06995667] [0.10844979] [0.15633148] [0.22377918] [0.31456707] [0.39341398] [0.48622161] [0.55937765] [0.61951489] [0.69555138] [0.79599114] [0.92072423] [1.04517934] [1.28822753] [1.80247668] [2.0789557] [3.22832744] [3.883887] [6.50776087] [9.9849009] [0.22687187] 
[0.06645883] [0.1030273] [0.14851491] [0.21259022] [0.29883871] [0.37374328] [0.46191053] [0.53140877] [0.58853915] [0.66077381] [0.75619158] [0.87468802] [0.99292037] [1.22381616] [1.71235285] [1.97500791] [3.06691107] [3.68969265] [6.18237283] [9.48565585] [0.21552828] 
[0.06313589] [0.09787593] [0.14108916] [0.20196071] [0.28389678] [0.35505612] [0.438815] [0.50483833] [0.55911219] [0.62773512] [0.718382] [0.83095361] [0.94327435] [1.16262535] [1.62673521] [1.87625752] [2.91356551] [3.50520802] [5.87325418] [9.01137306] [0.20475186] 
[0.0599791] [0.09298213] [0.1340347] [0.19186268] [0.26970194] [0.33730331] [0.41687425] [0.47959641] [0.53115658] [0.59634836] [0.6824629] [0.78940593] [0.89611064] [1.10449408] [1.54539844] [1.78244464] [2.76788724] [3.32994762] [5.57959148] [8.56080441] [0.19451427] 
[0.05698014] [0.08833303] [0.12733297] [0.18226954] [0.25621684] [0.32043815] [0.39603054] [0.45561659] [0.50459875] [0.56653095] [0.64833976] [0.74993564] [0.8513051] [1.04926938] [1.46812852] [1.69332241] [2.62949288] [3.16345024] [5.3006119] [8.13276419] [0.18478856] 
[0.05413114] [0.08391638] [0.12096632] [0.17315607] [0.243406] [0.30441624] [0.37622901] [0.43283576] [0.47936881] [0.5382044] [0.61592277] [0.71243886] [0.80873985] [0.99680591] [1.3947221] [1.60865629] [2.49801823] [3.00527773] [5.03558131] [7.72612598] [0.17554913] 
[0.05142458] [0.07972056] [0.114918] [0.16449826] [0.2312357] [0.28919543] [0.35741756] [0.41119397] [0.45540037] [0.51129418] [0.58512663] [0.67681691] [0.76830286] [0.94696561] [1.32498599] [1.52822347] [2.37311732] [2.85501384] [4.78380224] [7.33981968] [0.16677167] 
[0.04885335] [0.07573453] [0.1091721] [0.15627335] [0.21967392] [0.27473566] [0.33954669] [0.39063428] [0.43263035] [0.48572947] [0.5558703] [0.64297607] [0.72988771] [0.89961733] [1.25873669] [1.4518123] [2.25446145] [2.71226315] [4.54461213] [6.9728287] [0.15843309] 
[0.04641068] [0.0719478] [0.1037135] [0.14845968] [0.20869022] [0.26099887] [0.32256935] [0.37110256] [0.41099884] [0.461443] [0.52807678] [0.61082726] [0.69339333] [0.85463647] [1.19579986] [1.37922169] [2.14173838] [2.57664999] [4.31738152] [6.62418726] [0.15051143] 
[0.04409015] [0.06835041] [0.09852782] [0.1410367] [0.19825571] [0.24794893] [0.30644088] [0.35254743] [0.39044889] [0.43837085] [0.50167294] [0.5802859] [0.65872366] [0.81190464] [1.13600986] [1.3102606] [2.03465146] [2.44781749] [4.10151245] [6.2929779] [0.14298586] 
[0.04188564] [0.06493289] [0.09360143] [0.13398486] [0.18834292] [0.23555148] [0.29111884] [0.33492006] [0.37092645] [0.4164523] [0.4765893] [0.55127161] [0.62578748] [0.77130941] [1.07920937] [1.24474757] [1.93291889] [2.32542662] [3.89643682] [5.978329] [0.13583657] 
[0.03979136] [0.06168625] [0.08892136] [0.12728562] [0.17892578] [0.22377391] [0.2765629] [0.31817406] [0.35238013] [0.39562969] [0.45275983] [0.52370803] [0.5944981] [0.73274394] [1.0252489] [1.18251019] [1.83627294] [2.20915528] [3.70161498] [5.67941255] [0.12904474] 
[0.03780179] [0.05860194] [0.08447529] [0.12092134] [0.16997949] [0.21258521] [0.26273475] [0.30226536] [0.33476112] [0.3758482] [0.43012184] [0.49752262] [0.5647732] [0.69610674] [0.97398646] [1.12338468] [1.7444593] [2.09869752] [3.51653423] [5.39544192] [0.1225925] 
[0.0359117] [0.05567184] [0.08025153] [0.11487527] [0.16148051] [0.20195595] [0.24959801] [0.28715209] [0.31802306] [0.35705579] [0.40861575] [0.47264649] [0.53653454] [0.66130141] [0.92528713] [1.06721545] [1.65723633] [1.99376264] [3.34070752] [5.12566983] [0.11646288] 
[0.03411612] [0.05288825] [0.07623895] [0.10913151] [0.15340649] [0.19185816] [0.23711811] [0.27279448] [0.30212191] [0.339203] [0.38818496] [0.44901417] [0.50970781] [0.62823634] [0.87902278] [1.01385468] [1.57437452] [1.89407451] [3.17367215] [4.86938634] [0.11063973] 
[0.03241031] [0.05024383] [0.072427] [0.10367493] [0.14573616] [0.18226525] [0.22526221] [0.25915476] [0.28701582] [0.32224285] [0.36877571] [0.42656346] [0.48422242] [0.59682452] [0.83507164] [0.96316194] [1.49565579] [1.79937079] [3.01498854] [4.62591702] [0.10510775] 
[0.0307898] [0.04773164] [0.06880565] [0.09849119] [0.13844936] [0.17315199] [0.2139991] [0.24619702] [0.27266502] [0.30613071] [0.35033693] [0.40523529] [0.4600113] [0.56698329] [0.79331806] [0.91500385] [1.420873] [1.70940225] [2.86423911] [4.39462117] [0.09985236] 
[0.02925031] [0.04534506] [0.06536537] [0.09356663] [0.13152689] [0.16449439] [0.20329914] [0.23388717] [0.25903177] [0.29082418] [0.33282008] [0.38497352] [0.43701074] [0.53863413] [0.75365215] [0.86925365] [1.34982935] [1.62393213] [2.72102716] [4.17489011] [0.09485974] 
[0.02778779] [0.04307781] [0.0620971] [0.0888883] [0.12495054] [0.15626967] [0.19313419] [0.22219281] [0.24608018] [0.27628297] [0.31617908] [0.36572485] [0.4151602] [0.51170242] [0.71596955] [0.82579097] [1.28233788] [1.54273553] [2.5849758] [3.96614561] [0.09011675] 
[0.0263984] [0.04092392] [0.05899225] [0.08444388] [0.11870302] [0.14845618] [0.18347748] [0.21108317] [0.23377618] [0.26246882] [0.30037012] [0.3474386] [0.39440219] [0.4861173] [0.68017107] [0.78450142] [1.21822099] [1.46559875] [2.45572701] [3.76783833] [0.08561092] 
[0.02507848] [0.03887772] [0.05604264] [0.08022169] [0.11276787] [0.14103337] [0.1743036] [0.20052901] [0.22208737] [0.24934538] [0.28535162] [0.33006667] [0.37468208] [0.46181144] [0.64616252] [0.74527635] [1.15730994] [1.39231881] [2.33294066] [3.57944641] [0.08133037] 
[0.02382456] [0.03693384] [0.0532405] [0.0762106] [0.10712947] [0.13398171] [0.16558842] [0.19050256] [0.210983] [0.23687811] [0.27108404] [0.31356334] [0.35594798] [0.43872086] [0.61385439] [0.70801253] [1.09944444] [1.32270287] [2.21629363] [3.40047409] [0.07726385] 
[0.02263333] [0.03508714] [0.05057848] [0.07240007] [0.101773] [0.12728262] [0.157309] [0.18097743] [0.20043385] [0.2250342] [0.25752983] [0.29788517] [0.33815058] [0.41678482] [0.58316167] [0.67261191] [1.04447222] [1.25656773] [2.10547894] [3.23045038] [0.07340066] 
[0.02150166] [0.03333279] [0.04804955] [0.06878007] [0.09668435] [0.12091849] [0.14944355] [0.17192856] [0.19041216] [0.21378249] [0.24465334] [0.28299091] [0.32124305] [0.39594558] [0.55400359] [0.63898131] [0.99224861] [1.19373934] [2.000205] [3.06892786] [0.06973063] 
[0.02042658] [0.03166615] [0.04564708] [0.06534107] [0.09185013] [0.11487257] [0.14197137] [0.16333213] [0.18089155] [0.20309337] [0.23242068] [0.26884137] [0.3051809] [0.3761483] [0.52630341] [0.60703225] [0.94263618] [1.13405238] [1.90019475] [2.91548147] [0.0662441] 
[0.01940525] [0.03008284] [0.04336472] [0.06207401] [0.08725762] [0.10912894] [0.13487281] [0.15516553] [0.17184697] [0.1929387] [0.22079964] [0.2553993] [0.28992185] [0.35734089] [0.49998824] [0.57668063] [0.89550437] [1.07734976] [1.80518501] [2.7697074] [0.06293189] 
[0.01843499] [0.0285787] [0.04119649] [0.05897031] [0.08289474] [0.10367249] [0.12812916] [0.14740725] [0.16325462] [0.18329177] [0.20975966] [0.24262934] [0.27542576] [0.33947384] [0.47498883] [0.5478466] [0.85072915] [1.02348227] [1.71492576] [2.63122203] [0.0597853] 
[0.01751324] [0.02714976] [0.03913666] [0.0560218] [0.07875001] [0.09848887] [0.12172271] [0.14003689] [0.15509189] [0.17412718] [0.19927168] [0.23049787] [0.26165447] [0.32250015] [0.45123938] [0.52045427] [0.80819269] [0.97230816] [1.62917947] [2.49966093] [0.05679603] 
[0.01663758] [0.02579227] [0.03717983] [0.05322071] [0.07481251] [0.09356442] [0.11563657] [0.13303504] [0.1473373] [0.16542082] [0.18930809] [0.21897298] [0.24857175] [0.30637514] [0.42867741] [0.49443156] [0.76778306] [0.92369275] [1.5477205] [2.37467788] [0.05395623] 
[0.0158057] [0.02450266] [0.03532084] [0.05055967] [0.07107188] [0.0888862] [0.10985474] [0.12638329] [0.13997043] [0.15714978] [0.17984269] [0.20802433] [0.23614316] [0.29105638] [0.40724354] [0.46970998] [0.72939391] [0.87750811] [1.47033447] [2.25594399] [0.05125842] 
[0.01501541] [0.02327753] [0.0335548] [0.04803169] [0.06751829] [0.08444189] [0.10436201] [0.12006413] [0.13297191] [0.14929229] [0.17085055] [0.19762311] [0.224336] [0.27650357] [0.38688137] [0.44622448] [0.69292421] [0.83363271] [1.39681775] [2.14314679] [0.0486955] 
[0.01426464] [0.02211365] [0.03187706] [0.0456301] [0.06414237] [0.0802198] [0.09914391] [0.11406092] [0.12632331] [0.14182767] [0.16230803] [0.18774195] [0.2131192] [0.26267839] [0.3675373] [0.42391326] [0.658278] [0.79195107] [1.32697686] [2.03598945] [0.04626072] 
[0.01355141] [0.02100797] [0.0302832] [0.0433486] [0.06093525] [0.07620881] [0.09418671] [0.10835788] [0.12000715] [0.13473629] [0.15419262] [0.17835486] [0.20246324] [0.24954447] [0.34916043] [0.40271759] [0.6253641] [0.75235352] [1.26062802] [1.93418998] [0.04394769] 
[0.01287384] [0.01995757] [0.02876904] [0.04118117] [0.05788849] [0.07239837] [0.08947737] [0.10293998] [0.11400679] [0.12799948] [0.14648299] [0.16943711] [0.19234008] [0.23706724] [0.33170241] [0.38258171] [0.5940959] [0.71473584] [1.19759662] [1.83748048] [0.0417503] 
[0.01223015] [0.01895969] [0.02733059] [0.03912211] [0.05499407] [0.06877845] [0.08500351] [0.09779298] [0.10830645] [0.1215995] [0.13915884] [0.16096526] [0.18272308] [0.22521388] [0.31511729] [0.36345263] [0.5643911] [0.67899905] [1.13771679] [1.74560645] [0.03966279] 
[0.01161864] [0.01801171] [0.02596406] [0.037166] [0.05224436] [0.06533953] [0.08075333] [0.09290333] [0.10289113] [0.11551953] [0.1322009] [0.152917] [0.17358692] [0.21395319] [0.29936143] [0.34528] [0.53617155] [0.6450491] [1.08083095] [1.65832613] [0.03767965] 
[0.01103771] [0.01711112] [0.02466586] [0.0353077] [0.04963214] [0.06207255] [0.07671566] [0.08825817] [0.09774657] [0.10974355] [0.12559086] [0.14527115] [0.16490758] [0.20325553] [0.28439336] [0.328016] [0.50936297] [0.61279664] [1.0267894] [1.57540982] [0.03579567] 
[0.01048582] [0.01625557] [0.02343257] [0.03354232] [0.04715054] [0.05896892] [0.07287988] [0.08384526] [0.09285924] [0.10425637] [0.11931131] [0.13800759] [0.1566622] [0.19309275] [0.27017369] [0.3116152] [0.48389482] [0.58215681] [0.97544993] [1.49663933] [0.03400588] 
[0.00996153] [0.01544279] [0.02226094] [0.0318652] [0.04479301] [0.05602048] [0.06923589] [0.079653] [0.08821628] [0.09904355] [0.11334575] [0.13110721] [0.14882909] [0.18343811] [0.256665] [0.29603444] [0.45970008] [0.55304897] [0.92667743] [1.42180737] [0.03230559] 
[0.00946346] [0.01467065] [0.02114789] [0.03027194] [0.04255336] [0.05321945] [0.06577409] [0.07567035] [0.08380547] [0.09409138] [0.10767846] [0.12455185] [0.14138763] [0.17426621] [0.24383175] [0.28123272] [0.43671507] [0.52539652] [0.88034356] [1.350717] [0.03069031] 
[0.00899028] [0.01393712] [0.0200905] [0.02875835] [0.04042569] [0.05055848] [0.06248539] [0.07188683] [0.07961519] [0.08938681] [0.10229454] [0.11832426] [0.13431825] [0.1655529] [0.23164017] [0.26717108] [0.41487932] [0.49912669] [0.83632638] [1.28318115] [0.02915579] 
[0.00854077] [0.01324026] [0.01908597] [0.02732043] [0.03840441] [0.04803056] [0.05936112] [0.06829249] [0.07563443] [0.08491747] [0.09717981] [0.11240804] [0.12760234] [0.15727525] [0.22005816] [0.25381253] [0.39413536] [0.47417036] [0.79451006] [1.21902209] [0.027698] 
[0.00811373] [0.01257825] [0.01813167] [0.02595441] [0.03648419] [0.04562903] [0.05639306] [0.06487786] [0.07185271] [0.08067159] [0.09232082] [0.10678764] [0.12122222] [0.14941149] [0.20905525] [0.2411219] [0.37442859] [0.45046184] [0.75478456] [1.15807099] [0.0263131] 
[0.00770804] [0.01194933] [0.01722509] [0.02465669] [0.03465998] [0.04334758] [0.05357341] [0.06163397] [0.06826008] [0.07663801] [0.08770478] [0.10144826] [0.11516111] [0.14194092] [0.19860249] [0.2290658] [0.35570716] [0.42793875] [0.71704533] [1.10016744] [0.02499745] 
[0.00732264] [0.01135187] [0.01636383] [0.02342385] [0.03292698] [0.0411802] [0.05089474] [0.05855227] [0.06484707] [0.07280611] [0.08331954] [0.09637585] [0.10940305] [0.13484387] [0.18867236] [0.21761251] [0.3379218] [0.40654181] [0.68119307] [1.04515906] [0.02374758] 
[0.00695651] [0.01078427] [0.01554564] [0.02225266] [0.03128063] [0.03912119] [0.04835] [0.05562466] [0.06160472] [0.06916581] [0.07915356] [0.09155705] [0.1039329] [0.12810168] [0.17923874] [0.20673189] [0.32102571] [0.38621472] [0.64713341] [0.99290111] [0.0225602] 
[0.00660868] [0.01024506] [0.01476836] [0.02114003] [0.0297166] [0.03716513] [0.0459325] [0.05284342] [0.05852448] [0.06570752] [0.07519589] [0.0869792] [0.09873626] [0.12169659] [0.17027681] [0.19639529] [0.30497442] [0.36690399] [0.61477674] [0.94325606] [0.02143219] 
[0.00627825] [0.00973281] [0.01402994] [0.02008303] [0.02823077] [0.03530687] [0.04363588] [0.05020125] [0.05559826] [0.06242214] [0.07143609] [0.08263024] [0.09379944] [0.11561176] [0.16176297] [0.18657553] [0.2897257] [0.34855879] [0.58403791] [0.89609325] [0.02036058] 
[0.00596434] [0.00924617] [0.01332845] [0.01907887] [0.02681923] [0.03354153] [0.04145408] [0.04769119] [0.05281835] [0.05930103] [0.06786429] [0.07849873] [0.08910947] [0.10983118] [0.15367482] [0.17724675] [0.27523942] [0.33113085] [0.55483601] [0.85128859] [0.01934255] 
[0.00566612] [0.00878386] [0.01266202] [0.01812493] [0.02547827] [0.03186445] [0.03938138] [0.04530663] [0.05017743] [0.05633598] [0.06447107] [0.07457379] [0.084654] [0.10433962] [0.14599108] [0.16838442] [0.26147745] [0.3145743] [0.52709421] [0.80872416] [0.01837542] 
[0.00538281] [0.00834467] [0.01202892] [0.01721868] [0.02420436] [0.03027123] [0.03741231] [0.0430413] [0.04766856] [0.05351918] [0.06124752] [0.0708451] [0.0804213] [0.09912264] [0.13869152] [0.15996519] [0.24840357] [0.29884559] [0.5007395] [0.76828795] [0.01745665] 
[0.00511367] [0.00792743] [0.01142748] [0.01635775] [0.02299414] [0.02875767] [0.03554169] [0.04088923] [0.04528513] [0.05084322] [0.05818514] [0.06730285] [0.07640023] [0.0941665] [0.13175695] [0.15196694] [0.2359834] [0.28390331] [0.47570252] [0.72987356] [0.01658382] 
[0.00485799] [0.00753106] [0.0108561] [0.01553986] [0.02184443] [0.02731978] [0.03376461] [0.03884477] [0.04302087] [0.04830106] [0.05527589] [0.06393771] [0.07258022] [0.08945818] [0.1251691] [0.14436859] [0.22418423] [0.26970814] [0.4519174] [0.69337988] [0.01575463] 
[0.00461509] [0.00715451] [0.0103133] [0.01476287] [0.02075221] [0.0259538] [0.03207638] [0.03690253] [0.04086983] [0.04588601] [0.05251209] [0.06074082] [0.06895121] [0.08498527] [0.11891065] [0.13715016] [0.21297502] [0.25622274] [0.42932153] [0.65871088] [0.0149669] 
[0.00438434] [0.00679678] [0.00979763] [0.01402473] [0.0197146] [0.02465611] [0.03047256] [0.03505741] [0.03882634] [0.04359171] [0.04988649] [0.05770378] [0.06550365] [0.08073601] [0.11296511] [0.13029265] [0.20232626] [0.2434116] [0.40785545] [0.62577534] [0.01421855] 
[0.00416512] [0.00645694] [0.00930775] [0.01332349] [0.01872887] [0.0234233] [0.02894893] [0.03330454] [0.03688502] [0.04141212] [0.04739216] [0.05481859] [0.06222847] [0.07669921] [0.10731686] [0.12377802] [0.19220995] [0.23124102] [0.38746268] [0.59448657] [0.01350762] 
[0.00395686] [0.0061341] [0.00884236] [0.01265731] [0.01779243] [0.02225214] [0.02750149] [0.03163931] [0.03504077] [0.03934152] [0.04502255] [0.05207766] [0.05911704] [0.07286425] [0.10195101] [0.11758912] [0.18259945] [0.21967897] [0.36808955] [0.56476224] [0.01283224] 
[0.00375902] [0.00582739] [0.00840024] [0.01202445] [0.0169028] [0.02113953] [0.02612641] [0.03005734] [0.03328873] [0.03737444] [0.04277143] [0.04947378] [0.05616119] [0.06922103] [0.09685346] [0.11170966] [0.17346948] [0.20869502] [0.34968507] [0.53652413] [0.01219063] 
[0.00357107] [0.00553602] [0.00798023] [0.01142323] [0.01605766] [0.02008255] [0.02482009] [0.02855448] [0.0316243] [0.03550572] [0.04063286] [0.04700009] [0.05335313] [0.06575998] [0.09201079] [0.10612418] [0.16479601] [0.19826027] [0.33220081] [0.50969792] [0.0115811] 
[0.00339252] [0.00525922] [0.00758122] [0.01085207] [0.01525478] [0.01907842] [0.02357909] [0.02712675] [0.03004308] [0.03373043] [0.03860121] [0.04465008] [0.05068548] [0.06247198] [0.08741025] [0.10081797] [0.15655621] [0.18834726] [0.31559077] [0.48421303] [0.01100204] 
[0.00322289] [0.00499626] [0.00720216] [0.01030946] [0.01449204] [0.0181245] [0.02240013] [0.02577042] [0.02854093] [0.03204391] [0.03667115] [0.04241758] [0.0481512] [0.05934838] [0.08303974] [0.09577707] [0.1487284] [0.17892989] [0.29981124] [0.46000238] [0.01045194] 
[0.00306175] [0.00474645] [0.00684205] [0.00979399] [0.01376744] [0.01721828] [0.02128013] [0.0244819] [0.02711388] [0.03044172] [0.03483759] [0.0402967] [0.04574364] [0.05638096] [0.07888775] [0.09098822] [0.14129198] [0.1699834] [0.28482067] [0.43700226] [0.00992934] 
[0.00290866] [0.00450912] [0.00649995] [0.00930429] [0.01307907] [0.01635736] [0.02021612] [0.0232578] [0.02575819] [0.02891963] [0.03309571] [0.03828187] [0.04345646] [0.05356192] [0.07494336] [0.08643881] [0.13422738] [0.16148423] [0.27057964] [0.41515215] [0.00943288] 
[0.00276323] [0.00428367] [0.00617495] [0.00883907] [0.01242511] [0.0155395] [0.01920531] [0.02209491] [0.02447028] [0.02747365] [0.03144093] [0.03636777] [0.04128364] [0.05088382] [0.0711962] [0.08211687] [0.12751601] [0.15341002] [0.25705066] [0.39439454] [0.00896123] 
[0.00262506] [0.00406948] [0.0058662] [0.00839712] [0.01180386] [0.01476252] [0.01824505] [0.02099016] [0.02324676] [0.02609997] [0.02986888] [0.03454938] [0.03921946] [0.04833963] [0.06763639] [0.07801102] [0.12114021] [0.14573952] [0.24419812] [0.37467481] [0.00851317] 
[0.00249381] [0.00386601] [0.00557289] [0.00797727] [0.01121367] [0.0140244] [0.0173328] [0.01994066] [0.02208442] [0.02479497] [0.02837544] [0.03282191] [0.03725848] [0.04592265] [0.06425457] [0.07411047] [0.1150832] [0.13845254] [0.23198822] [0.35594107] [0.00808751] 
[0.00236912] [0.00367271] [0.00529425] [0.0075784] [0.01065298] [0.01332318] [0.01646616] [0.01894362] [0.0209802] [0.02355522] [0.02695667] [0.03118082] [0.03539556] [0.04362652] [0.06104184] [0.07040495] [0.10932904] [0.13152991] [0.22038881] [0.33814402] [0.00768314] 
[0.00225066] [0.00348907] [0.00502954] [0.00719948] [0.01012033] [0.01265702] [0.01564285] [0.01799644] [0.01993119] [0.02237746] [0.02560883] [0.02962178] [0.03362578] [0.04144519] [0.05798975] [0.0668847] [0.10386259] [0.12495342] [0.20936937] [0.32123682] [0.00729898] 
[0.00213813] [0.00331462] [0.00477806] [0.00683951] [0.00961432] [0.01202417] [0.01486071] [0.01709662] [0.01893463] [0.02125859] [0.02432839] [0.02814069] [0.03194449] [0.03937293] [0.05509026] [0.06354047] [0.09866946] [0.11870575] [0.1989009] [0.30517498] [0.00693403] 
[0.00203122] [0.00314889] [0.00453916] [0.00649753] [0.0091336] [0.01142296] [0.01411767] [0.01624179] [0.0179879] [0.02019566] [0.02311197] [0.02673365] [0.03034727] [0.03740428] [0.05233575] [0.06036344] [0.09373598] [0.11277046] [0.18895585] [0.28991623] [0.00658733] 
[0.00192966] [0.00299145] [0.0043122] [0.00617266] [0.00867692] [0.01085181] [0.01341179] [0.0154297] [0.01708851] [0.01918587] [0.02195637] [0.02539697] [0.0288299] [0.03553407] [0.04971896] [0.05734527] [0.08904918] [0.10713194] [0.17950806] [0.27542042] [0.00625796] 
[0.00183318] [0.00284187] [0.00409659] [0.00586402] [0.00824307] [0.01030922] [0.0127412] [0.01465821] [0.01623408] [0.01822658] [0.02085855] [0.02412712] [0.02738841] [0.03375737] [0.04723301] [0.05447801] [0.08459673] [0.10177534] [0.17053266] [0.26164939] [0.00594507] 
[0.00174152] [0.00269978] [0.00389176] [0.00557082] [0.00783092] [0.00979376] [0.01210414] [0.0139253] [0.01542238] [0.01731525] [0.01981563] [0.02292077] [0.02601899] [0.0320695] [0.04487136] [0.05175411] [0.08036689] [0.09668657] [0.16200603] [0.24856692] [0.00564781] 
[0.00165444] [0.00256479] [0.00369717] [0.00529228] [0.00743937] [0.00930407] [0.01149893] [0.01322904] [0.01465126] [0.01644949] [0.01882485] [0.02177473] [0.02471804] [0.03046602] [0.04262779] [0.0491664] [0.07634854] [0.09185224] [0.15390572] [0.23613858] [0.00536542] 
[0.00157172] [0.00243655] [0.00351231] [0.00502767] [0.00706741] [0.00883887] [0.01092398] [0.01256759] [0.0139187] [0.01562701] [0.0178836] [0.02068599] [0.02348214] [0.02894272] [0.0404964] [0.04670808] [0.07253112] [0.08725963] [0.14621044] [0.22433165] [0.00509715] 
[0.00149314] [0.00231472] [0.0033367] [0.00477628] [0.00671404] [0.00839692] [0.01037778] [0.01193921] [0.01322276] [0.01484566] [0.01698942] [0.01965169] [0.02230803] [0.02749559] [0.03847158] [0.04437268] [0.06890456] [0.08289665] [0.13889992] [0.21311507] [0.00484229] 
[0.00141848] [0.00219899] [0.00316986] [0.00453747] [0.00637833] [0.00797708] [0.0098589] [0.01134225] [0.01256162] [0.01410338] [0.01613995] [0.01866911] [0.02119263] [0.02612081] [0.036548] [0.04215404] [0.06545933] [0.07875182] [0.13195492] [0.20245931] [0.00460018] 
[0.00134756] [0.00208904] [0.00301137] [0.0043106] [0.00605942] [0.00757822] [0.00936595] [0.01077513] [0.01193354] [0.01339821] [0.01533295] [0.01773565] [0.020133] [0.02481477] [0.0347206] [0.04004634] [0.06218637] [0.07481423] [0.12535717] [0.19233635] [0.00437017] 
[0.00128018] [0.00198459] [0.0028608] [0.00409507] [0.00575645] [0.00719931] [0.00889765] [0.01023638] [0.01133686] [0.0127283] [0.01456631] [0.01684887] [0.01912635] [0.02357403] [0.03298457] [0.03804402] [0.05907705] [0.07107352] [0.11908932] [0.18271953] [0.00415166] 
[0.00121617] [0.00188536] [0.00271776] [0.00389031] [0.00546862] [0.00683935] [0.00845277] [0.00972456] [0.01077002] [0.01209189] [0.01383799] [0.01600643] [0.01817003] [0.02239533] [0.03133534] [0.03614182] [0.0561232] [0.06751984] [0.11313485] [0.17358355] [0.00394408] 
[0.00115536] [0.00179109] [0.00258187] [0.0036958] [0.00519519] [0.00649738] [0.00803013] [0.00923833] [0.01023152] [0.01148729] [0.01314609] [0.01520611] [0.01726153] [0.02127556] [0.02976858] [0.03433473] [0.05331704] [0.06414385] [0.10747811] [0.16490438] [0.00374687] 
[0.00109759] [0.00170153] [0.00245278] [0.00351101] [0.00493543] [0.00617251] [0.00762863] [0.00877641] [0.00971994] [0.01091293] [0.01248879] [0.0144458] [0.01639845] [0.02021178] [0.02828015] [0.032618] [0.05065118] [0.06093666] [0.1021042] [0.15665916] [0.00355953] 
[0.00104271] [0.00161646] [0.00233014] [0.00333546] [0.00468866] [0.00586388] [0.00724719] [0.00833759] [0.00923395] [0.01036728] [0.01186435] [0.01372351] [0.01557853] [0.01920119] [0.02686614] [0.0309871] [0.04811863] [0.05788982] [0.09699899] [0.1488262] [0.00338155] 
[0.07684711] [0.18888505] [0.28083754] [0.35435108] [0.40325425] [0.47231974] [0.55824701] [0.59813875] [0.65711292] [0.74495152] [0.80372312] [0.93599101] [1.04674714] [1.20106524] [1.43543309] [1.65136162] [3.15082497] [7.59566932] [22.58489012] [29.5140373] [0.25154598] 
[0.07300475] [0.1794408] [0.26679566] [0.33663352] [0.38309154] [0.44870376] [0.53033466] [0.56823182] [0.62425728] [0.70770394] [0.76353697] [0.88919146] [0.99440978] [1.14101197] [1.36366144] [1.56879354] [2.99328372] [7.21588585] [21.45564561] [28.03833544] [0.23896868] 
[0.06935451] [0.17046876] [0.25345588] [0.31980185] [0.36393696] [0.42626857] [0.50381792] [0.53982022] [0.59304441] [0.67231874] [0.72536012] [0.84473189] [0.94468929] [1.08396137] [1.29547836] [1.49035386] [2.84361954] [6.85509156] [20.38286333] [26.63641867] [0.22702024] 
[0.06588679] [0.16194532] [0.24078308] [0.30381175] [0.34574011] [0.40495514] [0.47862703] [0.51282921] [0.56339219] [0.63870281] [0.68909211] [0.80249529] [0.89745483] [1.02976331] [1.23070445] [1.41583617] [2.70143856] [6.51233698] [19.36372017] [25.30459773] [0.21566923] 
[0.06259245] [0.15384806] [0.22874393] [0.28862117] [0.32845311] [0.38470738] [0.45469568] [0.48718775] [0.53522258] [0.60676767] [0.65463751] [0.76237053] [0.85258209] [0.97827514] [1.16916922] [1.34504436] [2.56636663] [6.18672013] [18.39553416] [24.03936785] [0.20488577] 
[0.05946283] [0.14615565] [0.21730673] [0.27419011] [0.31203045] [0.36547201] [0.43196089] [0.46282836] [0.50846145] [0.57642928] [0.62190563] [0.724252] [0.80995298] [0.92936138] [1.11071076] [1.27779214] [2.4380483] [5.87738413] [17.47575745] [22.83739946] [0.19464148] 
[0.05648968] [0.13884787] [0.2064414] [0.2604806] [0.29642893] [0.34719841] [0.41036285] [0.43968695] [0.48303838] [0.54760782] [0.59081035] [0.6880394] [0.76945533] [0.88289331] [1.05517522] [1.21390253] [2.31614588] [5.58351492] [16.60196958] [21.69552948] [0.18490941] 
[0.0536652] [0.13190548] [0.19611933] [0.24745657] [0.28160748] [0.32983849] [0.38984471] [0.4177026] [0.45888646] [0.52022743] [0.56126983] [0.65363743] [0.73098257] [0.83874865] [1.00241646] [1.15320741] [2.20033859] [5.30433917] [15.7718711] [20.61075301] [0.17566394] 
[0.05098194] [0.1253102] [0.18631336] [0.23508374] [0.26752711] [0.31334657] [0.37035247] [0.39681747] [0.43594214] [0.49421606] [0.53320634] [0.62095556] [0.69443344] [0.79681122] [0.95229564] [1.09554704] [2.09032166] [5.03912221] [14.98327754] [19.58021536] [0.16688074] 
[0.04843284] [0.11904469] [0.17699769] [0.22332956] [0.25415075] [0.29767924] [0.35183485] [0.3769766] [0.41414503] [0.46950525] [0.50654602] [0.58990778] [0.65971177] [0.75697066] [0.90468086] [1.04076968] [1.98580558] [4.7871661] [14.23411367] [18.60120459] [0.1585367] 
[0.0460112] [0.11309246] [0.16814781] [0.21216308] [0.24144322] [0.28279528] [0.3342431] [0.35812777] [0.39343778] [0.44602999] [0.48121872] [0.56041239] [0.62672618] [0.71912212] [0.85944681] [0.9887312] [1.8865153] [4.5478078] [13.52240798] [17.67114436] [0.15060987] 


[[ 1.55115899]
 [ 1.97373298]
 [ 2.41664662]
 [ 2.88471506]
 [ 3.35204644]
 [ 3.8435337 ]
 [ 4.34575147]
 [ 4.88071433]
 [ 5.46966513]
 [ 6.12075767]
 [ 6.81941331]
 [ 7.65165251]
 [ 8.87320646]
 [10.57242567]
 [13.20100548]
 [15.95165858]
 [21.13343289]
 [29.06698069]
 [46.5763693 ]
 [68.42632949]
 [ 2.39532642]]